t	r	v	Eb	Tb	Pb	R1	n0	nmax	fabs	fabs_i	fabs_n	Mshell	Mcloud	Mcluster	Qi	Lbol	Li	Ln	Lw	Fram
3.003941e-03	7.1698e-01	1.3697e+02	4.7452e+06	1.4645e+07	2.1762e+06	2.7823e-01	4.8994e+05	2.5911e+08	9.9942e-01	1.0000e+00	9.9868e-01	2.9464e+02	8.0000e+05	2.0000e+05	1.0790e+52	6.9027e+41	3.8727e+41	3.0300e+41	2.4437e+39	1.3367e+31
3.100481e-03	7.3003e-01	1.3513e+02	4.8949e+06	1.4550e+07	2.1243e+06	2.8161e-01	4.7825e+05	2.5230e+08	9.9952e-01	1.0000e+00	9.9891e-01	3.1102e+02	8.0000e+05	2.0000e+05	1.0790e+52	6.9027e+41	3.8727e+41	3.0300e+41	2.4437e+39	1.3367e+31
3.197020e-03	7.4291e-01	1.3338e+02	5.0442e+06	1.4462e+07	2.0751e+06	2.8493e-01	4.6717e+05	2.4587e+08	9.9957e-01	1.0000e+00	9.9901e-01	3.2777e+02	8.0000e+05	2.0000e+05	1.0790e+52	6.9027e+41	3.8727e+41	3.0300e+41	2.4437e+39	1.3367e+31
3.423634e-03	7.7269e-01	1.2945e+02	5.3941e+06	1.4274e+07	1.9678e+06	2.9259e-01	4.4302e+05	2.3197e+08	9.9968e-01	1.0000e+00	9.9926e-01	3.6879e+02	8.0000e+05	2.0000e+05	1.0790e+52	6.9027e+41	3.8727e+41	3.0300e+41	2.4437e+39	1.3367e+31
3.650249e-03	8.0162e-01	1.2589e+02	5.7428e+06	1.4115e+07	1.8724e+06	2.9995e-01	4.2156e+05	2.1967e+08	9.9973e-01	1.0000e+00	9.9939e-01	4.1179e+02	8.0000e+05	2.0000e+05	1.0790e+52	6.9027e+41	3.8727e+41	3.0300e+41	2.4437e+39	1.3367e+31
3.876863e-03	8.2978e-01	1.2265e+02	6.0901e+06	1.3975e+07	1.7871e+06	3.0703e-01	4.0233e+05	2.0875e+08	9.9980e-01	1.0000e+00	9.9955e-01	4.5673e+02	8.0000e+05	2.0000e+05	1.0790e+52	6.9027e+41	3.8727e+41	3.0300e+41	2.4437e+39	1.3367e+31
4.149989e-03	8.6279e-01	1.1908e+02	6.5071e+06	1.3824e+07	1.6952e+06	3.1524e-01	3.8164e+05	1.9707e+08	9.9985e-01	1.0000e+00	9.9966e-01	5.1343e+02	8.0000e+05	2.0000e+05	1.0790e+52	6.9027e+41	3.8727e+41	3.0300e+41	2.4437e+39	1.3367e+31
4.423114e-03	8.9487e-01	1.1585e+02	6.9223e+06	1.3686e+07	1.6134e+06	3.2313e-01	3.6323e+05	1.8672e+08	9.9989e-01	1.0000e+00	9.9975e-01	5.7286e+02	8.0000e+05	2.0000e+05	1.0790e+52	6.9027e+41	3.8727e+41	3.0300e+41	2.4437e+39	1.3367e+31
4.696239e-03	9.2611e-01	1.1290e+02	7.3357e+06	1.3561e+07	1.5400e+06	3.3074e-01	3.4671e+05	1.7751e+08	9.9992e-01	1.0000e+00	9.9981e-01	6.3498e+02	8.0000e+05	2.0000e+05	1.0790e+52	6.9027e+41	3.8727e+41	3.0300e+41	2.4437e+39	1.3367e+31
5.029817e-03	9.6322e-01	1.0962e+02	7.8382e+06	1.3419e+07	1.4599e+06	3.3969e-01	3.2869e+05	1.6752e+08	9.9994e-01	1.0000e+00	9.9987e-01	7.1441e+02	8.0000e+05	2.0000e+05	1.0790e+52	6.9027e+41	3.8727e+41	3.0300e+41	2.4437e+39	1.3367e+31
5.363395e-03	9.9929e-01	1.0663e+02	8.3380e+06	1.3289e+07	1.3887e+06	3.4830e-01	3.1264e+05	1.5868e+08	9.9996e-01	1.0000e+00	9.9991e-01	7.9771e+02	8.0000e+05	2.0000e+05	1.0790e+52	6.9027e+41	3.8727e+41	3.0300e+41	2.4437e+39	1.3367e+31
5.696972e-03	1.0344e+00	1.0391e+02	8.8352e+06	1.3169e+07	1.3247e+06	3.5660e-01	2.9825e+05	1.5080e+08	9.9997e-01	1.0000e+00	9.9994e-01	8.8479e+02	8.0000e+05	2.0000e+05	1.0790e+52	6.9027e+41	3.8727e+41	3.0300e+41	2.4437e+39	1.3367e+31
6.313180e-03	1.0970e+00	9.9424e+01	9.7468e+06	1.2966e+07	1.2223e+06	3.7125e-01	2.7518e+05	1.3825e+08	9.9998e-01	1.0000e+00	9.9997e-01	1.0555e+03	8.0000e+05	2.0000e+05	1.0790e+52	6.9027e+41	3.8727e+41	3.0300e+41	2.4437e+39	1.3367e+31
6.929387e-03	1.1571e+00	9.5532e+01	1.0650e+07	1.2786e+07	1.1359e+06	3.8510e-01	2.5574e+05	1.2778e+08	9.9999e-01	1.0000e+00	9.9998e-01	1.2385e+03	8.0000e+05	2.0000e+05	1.0790e+52	6.9027e+41	3.8727e+41	3.0300e+41	2.4437e+39	1.3367e+31
7.545594e-03	1.2149e+00	9.2108e+01	1.1545e+07	1.2622e+07	1.0620e+06	3.9827e-01	2.3910e+05	1.1889e+08	9.9999e-01	1.0000e+00	9.9999e-01	1.4335e+03	8.0000e+05	2.0000e+05	1.0790e+52	6.9028e+41	3.8727e+41	3.0300e+41	2.4436e+39	1.3367e+31
8.512013e-03	1.3017e+00	8.7464e+01	1.2934e+07	1.2395e+07	9.6523e+05	4.1777e-01	2.1731e+05	1.0734e+08	1.0000e+00	1.0000e+00	9.9999e-01	1.7631e+03	8.0000e+05	2.0000e+05	1.0790e+52	6.9028e+41	3.8728e+41	3.0300e+41	2.4436e+39	1.3367e+31
9.478432e-03	1.3843e+00	8.3521e+01	1.4306e+07	1.2198e+07	8.8602e+05	4.3604e-01	1.9948e+05	9.7980e+07	1.0000e+00	1.0000e+00	1.0000e+00	2.1205e+03	8.0000e+05	2.0000e+05	1.0790e+52	6.9028e+41	3.8728e+41	3.0300e+41	2.4436e+39	1.3367e+31
1.044485e-02	1.4633e+00	8.0113e+01	1.5662e+07	1.2024e+07	8.1986e+05	4.5329e-01	1.8458e+05	9.0213e+07	1.0000e+00	1.0000e+00	1.0000e+00	2.5050e+03	8.0000e+05	2.0000e+05	1.0790e+52	6.9029e+41	3.8729e+41	3.0300e+41	2.4436e+39	1.3367e+31
1.178353e-02	1.5678e+00	7.6063e+01	1.7518e+07	1.1812e+07	7.4421e+05	4.7577e-01	1.6755e+05	8.1416e+07	1.0000e+00	1.0000e+00	1.0000e+00	3.0809e+03	8.0000e+05	2.0000e+05	1.0791e+52	6.9030e+41	3.8730e+41	3.0300e+41	2.4435e+39	1.3367e+31
1.312220e-02	1.6673e+00	7.2623e+01	1.9350e+07	1.1628e+07	6.8244e+05	4.9684e-01	1.5364e+05	7.4284e+07	1.0000e+00	1.0000e+00	1.0000e+00	3.7055e+03	8.0000e+05	2.0000e+05	1.0791e+52	6.9031e+41	3.8731e+41	3.0300e+41	2.4435e+39	1.3367e+31
1.446088e-02	1.7626e+00	6.9648e+01	2.1159e+07	1.1464e+07	6.3092e+05	5.1673e-01	1.4204e+05	6.8378e+07	1.0000e+00	1.0000e+00	1.0000e+00	4.3773e+03	8.0000e+05	2.0000e+05	1.0791e+52	6.9033e+41	3.8733e+41	3.0300e+41	2.4434e+39	1.3367e+31
1.596842e-02	1.8653e+00	6.6732e+01	2.3172e+07	1.1300e+07	5.8217e+05	5.3793e-01	1.3107e+05	6.2825e+07	1.0000e+00	1.0000e+00	1.0000e+00	5.1886e+03	8.0000e+05	2.0000e+05	1.0792e+52	6.9035e+41	3.8735e+41	3.0300e+41	2.4434e+39	1.3367e+31
1.747595e-02	1.9640e+00	6.4182e+01	2.5160e+07	1.1154e+07	5.4098e+05	5.5803e-01	1.2179e+05	5.8164e+07	1.0000e+00	1.0000e+00	1.0000e+00	6.0563e+03	8.0000e+05	2.0000e+05	1.0793e+52	6.9037e+41	3.8737e+41	3.0300e+41	2.4433e+39	1.3367e+31
1.898349e-02	2.0591e+00	6.1927e+01	2.7124e+07	1.1020e+07	5.0563e+05	5.7721e-01	1.1384e+05	5.4183e+07	1.0000e+00	1.0000e+00	1.0000e+00	6.9788e+03	8.0000e+05	2.0000e+05	1.0793e+52	6.9040e+41	3.8740e+41	3.0300e+41	2.4432e+39	1.3367e+31
2.070471e-02	2.1637e+00	5.9642e+01	2.9336e+07	1.0881e+07	4.7088e+05	5.9813e-01	1.0601e+05	5.0291e+07	1.0000e+00	1.0000e+00	1.0000e+00	8.0975e+03	8.0000e+05	2.0000e+05	1.0794e+52	6.9043e+41	3.8743e+41	3.0300e+41	2.4431e+39	1.3367e+31
2.242594e-02	2.2646e+00	5.7610e+01	3.1517e+07	1.0753e+07	4.4088e+05	6.1814e-01	9.9258e+04	4.6947e+07	1.0000e+00	1.0000e+00	1.0000e+00	9.2841e+03	8.0000e+05	2.0000e+05	1.0795e+52	6.9046e+41	3.8747e+41	3.0300e+41	2.4430e+39	1.3367e+31
2.414716e-02	2.3622e+00	5.5787e+01	3.3669e+07	1.0636e+07	4.1469e+05	6.3736e-01	9.3362e+04	4.4043e+07	1.0000e+00	1.0000e+00	1.0000e+00	1.0537e+04	8.0000e+05	2.0000e+05	1.0796e+52	6.9050e+41	3.8751e+41	3.0300e+41	2.4428e+39	1.3367e+31
2.811377e-02	2.5760e+00	5.2222e+01	3.8524e+07	1.0399e+07	3.6538e+05	6.7901e-01	8.2260e+04	3.8605e+07	1.0000e+00	1.0000e+00	1.0000e+00	1.3665e+04	8.0000e+05	2.0000e+05	1.0799e+52	6.9060e+41	3.8761e+41	3.0300e+41	2.4425e+39	1.3367e+31
3.208038e-02	2.7771e+00	4.9282e+01	4.3249e+07	1.0194e+07	3.2702e+05	7.1774e-01	7.3624e+04	3.4406e+07	1.0000e+00	1.0000e+00	1.0000e+00	1.7122e+04	8.0000e+05	2.0000e+05	1.0802e+52	6.9072e+41	3.8772e+41	3.0300e+41	2.4422e+39	1.3367e+31
3.604699e-02	2.9676e+00	4.6810e+01	4.7866e+07	1.0016e+07	2.9635e+05	7.5398e-01	6.6719e+04	3.1070e+07	1.0000e+00	1.0000e+00	1.0000e+00	2.0893e+04	8.0000e+05	2.0000e+05	1.0805e+52	6.9085e+41	3.8785e+41	3.0300e+41	2.4418e+39	1.3368e+31
4.001360e-02	3.1490e+00	4.4695e+01	5.2389e+07	9.8642e+06	2.7127e+05	7.8807e-01	6.1073e+04	2.8355e+07	1.0000e+00	1.0000e+00	1.0000e+00	2.4962e+04	8.0000e+05	2.0000e+05	1.0809e+52	6.9100e+41	3.8799e+41	3.0301e+41	2.4413e+39	1.3368e+31
4.217800e-02	3.2446e+00	4.3660e+01	5.4821e+07	9.7898e+06	2.5941e+05	8.0590e-01	5.8403e+04	2.7074e+07	1.0000e+00	1.0000e+00	1.0000e+00	2.7306e+04	8.0000e+05	2.0000e+05	1.0811e+52	6.9109e+41	3.8807e+41	3.0301e+41	2.4411e+39	1.3369e+31
4.434240e-02	3.3381e+00	4.2698e+01	5.7231e+07	9.7195e+06	2.4862e+05	8.2322e-01	5.5973e+04	2.5911e+07	1.0000e+00	1.0000e+00	1.0000e+00	2.9734e+04	8.0000e+05	2.0000e+05	1.0813e+52	6.9118e+41	3.8816e+41	3.0302e+41	2.4409e+39	1.3369e+31
4.650680e-02	3.4295e+00	4.1800e+01	5.9619e+07	9.6530e+06	2.3875e+05	8.4007e-01	5.3751e+04	2.4851e+07	1.0000e+00	1.0000e+00	1.0000e+00	3.2245e+04	8.0000e+05	2.0000e+05	1.0816e+52	6.9127e+41	3.8824e+41	3.0303e+41	2.4406e+39	1.3369e+31
4.923071e-02	3.5419e+00	4.0750e+01	6.2595e+07	9.5745e+06	2.2747e+05	8.6068e-01	5.1211e+04	2.3641e+07	1.0000e+00	1.0000e+00	1.0000e+00	3.5522e+04	8.0000e+05	2.0000e+05	1.0819e+52	6.9139e+41	3.8836e+41	3.0304e+41	2.4403e+39	1.3370e+31
5.195461e-02	3.6516e+00	3.9780e+01	6.5539e+07	9.5011e+06	2.1727e+05	8.8067e-01	4.8916e+04	2.2550e+07	1.0000e+00	1.0000e+00	1.0000e+00	3.8925e+04	8.0000e+05	2.0000e+05	1.0822e+52	6.9152e+41	3.8847e+41	3.0305e+41	2.4400e+39	1.3371e+31
5.467852e-02	3.7587e+00	3.8879e+01	6.8453e+07	9.4322e+06	2.0801e+05	9.0008e-01	4.6831e+04	2.1560e+07	1.0000e+00	1.0000e+00	1.0000e+00	4.2452e+04	8.0000e+05	2.0000e+05	1.0825e+52	6.9166e+41	3.8859e+41	3.0307e+41	2.4397e+39	1.3372e+31
6.187528e-02	4.0309e+00	3.6770e+01	7.6017e+07	9.2690e+06	1.8716e+05	9.4900e-01	4.2137e+04	1.9341e+07	1.0000e+00	1.0000e+00	1.0000e+00	5.2358e+04	8.0000e+05	2.0000e+05	1.0834e+52	6.9203e+41	3.8891e+41	3.0312e+41	2.4389e+39	1.3375e+31
6.907203e-02	4.2891e+00	3.4985e+01	8.3397e+07	9.1278e+06	1.7035e+05	9.9489e-01	3.8351e+04	1.7557e+07	1.0000e+00	1.0000e+00	1.0000e+00	6.3075e+04	8.0000e+05	2.0000e+05	1.0843e+52	6.9244e+41	3.8924e+41	3.0320e+41	2.4382e+39	1.3379e+31
7.626879e-02	4.5353e+00	3.3446e+01	9.0608e+07	9.0013e+06	1.5647e+05	1.0383e+00	3.5226e+04	1.6090e+07	1.0000e+00	1.0000e+00	1.0000e+00	7.4573e+04	8.0000e+05	2.0000e+05	1.0852e+52	6.9287e+41	3.8957e+41	3.0330e+41	2.4377e+39	1.3384e+31
8.171210e-02	4.7145e+00	3.2412e+01	9.5960e+07	8.9127e+06	1.4747e+05	1.0697e+00	3.3201e+04	1.5143e+07	1.0000e+00	1.0000e+00	1.0000e+00	8.3768e+04	8.0000e+05	2.0000e+05	1.0859e+52	6.9321e+41	3.8982e+41	3.0339e+41	2.4373e+39	1.3389e+31
8.715540e-02	4.8883e+00	3.1469e+01	1.0123e+08	8.8299e+06	1.3951e+05	1.1000e+00	3.1409e+04	1.4306e+07	1.0000e+00	1.0000e+00	1.0000e+00	9.3381e+04	8.0000e+05	2.0000e+05	1.0866e+52	6.9356e+41	3.9005e+41	3.0351e+41	2.4371e+39	1.3395e+31
9.259871e-02	5.0573e+00	3.0605e+01	1.0641e+08	8.7531e+06	1.3241e+05	1.1294e+00	2.9810e+04	1.3561e+07	1.0000e+00	1.0000e+00	1.0000e+00	1.0340e+05	8.0000e+05	2.0000e+05	1.0872e+52	6.9392e+41	3.9028e+41	3.0364e+41	2.4371e+39	1.3401e+31
1.054182e-01	5.4381e+00	2.8819e+01	1.1833e+08	8.5926e+06	1.1836e+05	1.1954e+00	2.6647e+04	1.2091e+07	1.0000e+00	1.0000e+00	1.0000e+00	1.2856e+05	8.0000e+05	2.0000e+05	1.0886e+52	6.9477e+41	3.9074e+41	3.0403e+41	2.4376e+39	1.3420e+31
1.182376e-01	5.7978e+00	2.7312e+01	1.2988e+08	8.4553e+06	1.0716e+05	1.2575e+00	2.4126e+04	1.0924e+07	1.0000e+00	1.0000e+00	1.0000e+00	1.5580e+05	8.0000e+05	2.0000e+05	1.0897e+52	6.9562e+41	3.9106e+41	3.0456e+41	2.4391e+39	1.3445e+31
1.310571e-01	6.1396e+00	2.6016e+01	1.4114e+08	8.3333e+06	9.8028e+04	1.3163e+00	2.2070e+04	9.9746e+06	1.0000e+00	1.0000e+00	1.0000e+00	1.8500e+05	8.0000e+05	2.0000e+05	1.0904e+52	6.9645e+41	3.9125e+41	3.0521e+41	2.4418e+39	1.3476e+31
1.385862e-01	6.3328e+00	2.5333e+01	1.4763e+08	8.2670e+06	9.3418e+04	1.3494e+00	2.1032e+04	9.4963e+06	1.0000e+00	1.0000e+00	1.0000e+00	2.0303e+05	8.0000e+05	2.0000e+05	1.0907e+52	6.9694e+41	3.9130e+41	3.0564e+41	2.4438e+39	1.3497e+31
1.461154e-01	6.5212e+00	2.4698e+01	1.5405e+08	8.2050e+06	8.9261e+04	1.3816e+00	2.0096e+04	9.0652e+06	1.0000e+00	1.0000e+00	1.0000e+00	2.2169e+05	8.0000e+05	2.0000e+05	1.0910e+52	6.9742e+41	3.9132e+41	3.0610e+41	2.4460e+39	1.3519e+31
1.536445e-01	6.7049e+00	2.4106e+01	1.6040e+08	8.1481e+06	8.5493e+04	1.4129e+00	1.9247e+04	8.6753e+06	1.0000e+00	1.0000e+00	1.0000e+00	2.4096e+05	8.0000e+05	2.0000e+05	1.0912e+52	6.9791e+41	3.9132e+41	3.0659e+41	2.4486e+39	1.3542e+31
1.627729e-01	6.9219e+00	2.3440e+01	1.6801e+08	8.0851e+06	8.1374e+04	1.4498e+00	1.8320e+04	8.2491e+06	1.0000e+00	1.0000e+00	1.0000e+00	2.6512e+05	8.0000e+05	2.0000e+05	1.0913e+52	6.9849e+41	3.9128e+41	3.0721e+41	2.4519e+39	1.3572e+31
1.719013e-01	7.1331e+00	2.2821e+01	1.7554e+08	8.0272e+06	7.7680e+04	1.4856e+00	1.7489e+04	7.8676e+06	1.0000e+00	1.0000e+00	1.0000e+00	2.9013e+05	8.0000e+05	2.0000e+05	1.0914e+52	6.9907e+41	3.9121e+41	3.0785e+41	2.4555e+39	1.3603e+31
1.810297e-01	7.3387e+00	2.2246e+01	1.8300e+08	7.9734e+06	7.4350e+04	1.5203e+00	1.6739e+04	7.5236e+06	1.0000e+00	1.0000e+00	1.0000e+00	3.1596e+05	8.0000e+05	2.0000e+05	1.0914e+52	6.9965e+41	3.9113e+41	3.0852e+41	2.4593e+39	1.3635e+31
1.887155e-01	7.5080e+00	2.1790e+01	1.8923e+08	7.9312e+06	7.1790e+04	1.5487e+00	1.6162e+04	7.2599e+06	1.0000e+00	1.0000e+00	1.0000e+00	3.3833e+05	8.0000e+05	2.0000e+05	1.0915e+52	7.0014e+41	3.9106e+41	3.0908e+41	2.4626e+39	1.3663e+31
1.964014e-01	7.6738e+00	2.1359e+01	1.9541e+08	7.8913e+06	6.9426e+04	1.5765e+00	1.5630e+04	7.0160e+06	1.0000e+00	1.0000e+00	1.0000e+00	3.6124e+05	8.0000e+05	2.0000e+05	1.0915e+52	7.0063e+41	3.9098e+41	3.0965e+41	2.4659e+39	1.3691e+31
2.040872e-01	7.8364e+00	2.0949e+01	2.0155e+08	7.8536e+06	6.7235e+04	1.6036e+00	1.5137e+04	6.7904e+06	1.0000e+00	1.0000e+00	1.0000e+00	3.8469e+05	8.0000e+05	2.0000e+05	1.0915e+52	7.0112e+41	3.9091e+41	3.1021e+41	2.4693e+39	1.3720e+31
2.131737e-01	8.0246e+00	2.0490e+01	2.0875e+08	7.8114e+06	6.4844e+04	1.6349e+00	1.4599e+04	6.5442e+06	1.0000e+00	1.0000e+00	1.0000e+00	4.1309e+05	8.0000e+05	2.0000e+05	1.0915e+52	7.0171e+41	3.9085e+41	3.1086e+41	2.4733e+39	1.3753e+31
2.222602e-01	8.2089e+00	2.0056e+01	2.1590e+08	7.7715e+06	6.2642e+04	1.6654e+00	1.4103e+04	6.3177e+06	1.0000e+00	1.0000e+00	1.0000e+00	4.4220e+05	8.0000e+05	2.0000e+05	1.0916e+52	7.0230e+41	3.9080e+41	3.1150e+41	2.4772e+39	1.3786e+31
2.313467e-01	8.3892e+00	1.9644e+01	2.2298e+08	7.7335e+06	6.0607e+04	1.6952e+00	1.3645e+04	6.1086e+06	1.0000e+00	1.0000e+00	1.0000e+00	4.7199e+05	8.0000e+05	2.0000e+05	1.0918e+52	7.0289e+41	3.9077e+41	3.1212e+41	2.4811e+39	1.3819e+31
2.461430e-01	8.6752e+00	1.9015e+01	2.3439e+08	7.6755e+06	5.7604e+04	1.7421e+00	1.2969e+04	5.8003e+06	1.0000e+00	1.0000e+00	1.0000e+00	5.2193e+05	8.0000e+05	2.0000e+05	1.0920e+52	7.0386e+41	3.9075e+41	3.1311e+41	2.4872e+39	1.3872e+31
2.609392e-01	8.9523e+00	1.8432e+01	2.4565e+08	7.6217e+06	5.4929e+04	1.7874e+00	1.2366e+04	5.5260e+06	1.0000e+00	1.0000e+00	1.0000e+00	5.7355e+05	8.0000e+05	2.0000e+05	1.0924e+52	7.0482e+41	3.9076e+41	3.1407e+41	2.4932e+39	1.3925e+31
2.757355e-01	9.2210e+00	1.7888e+01	2.5675e+08	7.5715e+06	5.2531e+04	1.8312e+00	1.1827e+04	5.2804e+06	1.0000e+00	1.0000e+00	1.0000e+00	6.2676e+05	8.0000e+05	2.0000e+05	1.0928e+52	7.0579e+41	3.9079e+41	3.1500e+41	2.4991e+39	1.3977e+31
3.000065e-01	9.6451e+00	1.7067e+01	2.7464e+08	7.4959e+06	4.9089e+04	1.8999e+00	1.1052e+04	4.9280e+06	1.0000e+00	1.0000e+00	1.0000e+00	7.1729e+05	8.0000e+05	2.0000e+05	1.0937e+52	7.0736e+41	3.9085e+41	3.1651e+41	2.5084e+39	1.4060e+31
3.120847e-01	9.8468e+00	1.6694e+01	2.8333e+08	7.4610e+06	4.7591e+04	1.9324e+00	1.0714e+04	4.7749e+06	1.0000e+00	1.0000e+00	1.0000e+00	7.6323e+05	8.0000e+05	2.0000e+05	1.0941e+52	7.0813e+41	3.9087e+41	3.1726e+41	2.5128e+39	1.4101e+31
3.139483e-01	9.8778e+00	1.6637e+01	2.8467e+08	7.4557e+06	4.7366e+04	1.9374e+00	1.0664e+04	4.7519e+06	1.0000e+00	1.0000e+00	1.0000e+00	7.7046e+05	8.0000e+05	2.0000e+05	1.0942e+52	7.0824e+41	3.9087e+41	3.1737e+41	2.5135e+39	1.4107e+31
3.158119e-01	9.9087e+00	1.6581e+01	2.8601e+08	7.4505e+06	4.7144e+04	1.9424e+00	1.0614e+04	4.7294e+06	1.0000e+00	1.0000e+00	1.0000e+00	7.7772e+05	8.0000e+05	2.0000e+05	1.0943e+52	7.0836e+41	3.9088e+41	3.1748e+41	2.5142e+39	1.4113e+31
3.195390e-01	9.9703e+00	1.6468e+01	2.8868e+08	7.4400e+06	4.6707e+04	1.9523e+00	1.0515e+04	4.6846e+06	1.0000e+00	1.0000e+00	1.0000e+00	7.9231e+05	8.0000e+05	2.0000e+05	1.0944e+52	7.0860e+41	3.9088e+41	3.1771e+41	2.5155e+39	1.4126e+31
3.202845e-01	9.9826e+00	1.6446e+01	2.8921e+08	7.4380e+06	4.6621e+04	1.9543e+00	1.0496e+04	4.6758e+06	1.0000e+00	1.0000e+00	1.0000e+00	7.9523e+05	8.0000e+05	2.0000e+05	1.0944e+52	7.0864e+41	3.9088e+41	3.1776e+41	2.5158e+39	1.4128e+31
3.210299e-01	9.9948e+00	1.6423e+01	2.8974e+08	7.4359e+06	4.6535e+04	1.9563e+00	1.0477e+04	4.6670e+06	1.0000e+00	1.0000e+00	1.0000e+00	7.9816e+05	8.0000e+05	2.0000e+05	1.0945e+52	7.0869e+41	3.9088e+41	3.1781e+41	2.5161e+39	1.4131e+31
3.214864e-01	1.0002e+01	1.6415e+01	2.9007e+08	7.4346e+06	4.6482e+04	1.9575e+00	1.0465e+04	4.6618e+06	1.0000e+00	1.0000e+00	1.0000e+00	7.9996e+05	8.0000e+05	2.0000e+05	1.0945e+52	7.0872e+41	3.9089e+41	3.1783e+41	2.5162e+39	1.4132e+31
3.214864e-01	1.0002e+01	1.6415e+01	2.9007e+08	1.0000e+04	4.6482e+04	1.9575e+00	1.0465e+04	4.6618e+06	1.0000e+00	1.0000e+00	1.0000e+00	7.9996e+05	8.0000e+05	2.0000e+05	1.0945e+52	7.0872e+41	3.9089e+41	3.1783e+41	2.5162e+39	1.4132e+31
3.215737e-01	1.0004e+01	1.6420e+01	2.8879e+08	1.0000e+04	4.6260e+04	1.9622e+00	1.0456e+04	4.6581e+06	1.0000e+00	1.0000e+00	1.0000e+00	8.0001e+05	8.0000e+05	2.0000e+05	1.0945e+52	7.0872e+41	3.9089e+41	3.1784e+41	2.5163e+39	1.4133e+31
3.216609e-01	1.0005e+01	1.6424e+01	2.8751e+08	1.0000e+04	4.6038e+04	1.9669e+00	1.0448e+04	4.6543e+06	1.0000e+00	1.0000e+00	1.0000e+00	8.0001e+05	8.0000e+05	2.0000e+05	1.0945e+52	7.0873e+41	3.9089e+41	3.1784e+41	2.5163e+39	1.4133e+31
3.218355e-01	1.0008e+01	1.6432e+01	2.8496e+08	1.0000e+04	4.5595e+04	1.9765e+00	1.0430e+04	4.6470e+06	1.0000e+00	1.0000e+00	1.0000e+00	8.0002e+05	8.0000e+05	2.0000e+05	1.0945e+52	7.0874e+41	3.9089e+41	3.1786e+41	2.5164e+39	1.4133e+31
3.220101e-01	1.0011e+01	1.6440e+01	2.8240e+08	1.0000e+04	4.5152e+04	1.9862e+00	1.0413e+04	4.6396e+06	1.0000e+00	1.0000e+00	1.0000e+00	8.0003e+05	8.0000e+05	2.0000e+05	1.0945e+52	7.0875e+41	3.9089e+41	3.1787e+41	2.5164e+39	1.4134e+31
3.237559e-01	1.0040e+01	1.6510e+01	2.5686e+08	1.0000e+04	4.0765e+04	2.0908e+00	1.0232e+04	4.5623e+06	1.0000e+00	1.0000e+00	1.0000e+00	8.0015e+05	8.0000e+05	2.0000e+05	1.0946e+52	7.0886e+41	3.9089e+41	3.1797e+41	2.5171e+39	1.4140e+31
3.255017e-01	1.0069e+01	1.6560e+01	2.3131e+08	1.0000e+04	3.6453e+04	2.2114e+00	1.0037e+04	4.4791e+06	1.0000e+00	1.0000e+00	1.0000e+00	8.0026e+05	8.0000e+05	2.0000e+05	1.0946e+52	7.0897e+41	3.9089e+41	3.1808e+41	2.5177e+39	1.4146e+31
3.272475e-01	1.0097e+01	1.6593e+01	2.0576e+08	1.0000e+04	3.2216e+04	2.3529e+00	9.8224e+03	4.3880e+06	1.0000e+00	1.0000e+00	1.0000e+00	8.0038e+05	8.0000e+05	2.0000e+05	1.0947e+52	7.0908e+41	3.9089e+41	3.1819e+41	2.5183e+39	1.4151e+31
3.292297e-01	1.0130e+01	1.6610e+01	1.7675e+08	1.0000e+04	2.7496e+04	2.5474e+00	9.5469e+03	4.2710e+06	1.0000e+00	1.0000e+00	1.0000e+00	8.0051e+05	8.0000e+05	2.0000e+05	1.0948e+52	7.0920e+41	3.9090e+41	3.1831e+41	2.5190e+39	1.4158e+31
3.312119e-01	1.0163e+01	1.6610e+01	1.4775e+08	1.0000e+04	2.2874e+04	2.7936e+00	9.2222e+03	4.1335e+06	1.0000e+00	1.0000e+00	1.0000e+00	8.0065e+05	8.0000e+05	2.0000e+05	1.0949e+52	7.0933e+41	3.9090e+41	3.1843e+41	2.5197e+39	1.4165e+31
3.331941e-01	1.0196e+01	1.6595e+01	1.1874e+08	1.0000e+04	1.8353e+04	3.1194e+00	8.8212e+03	3.9642e+06	1.0000e+00	1.0000e+00	1.0000e+00	8.0078e+05	8.0000e+05	2.0000e+05	1.0950e+52	7.0945e+41	3.9090e+41	3.1855e+41	2.5204e+39	1.4171e+31
3.351763e-01	1.0229e+01	1.6567e+01	8.9733e+07	1.0000e+04	1.3941e+04	3.5800e+00	8.2940e+03	3.7415e+06	1.0000e+00	1.0000e+00	1.0000e+00	8.0091e+05	8.0000e+05	2.0000e+05	1.0950e+52	7.0958e+41	3.9091e+41	3.1867e+41	2.5211e+39	1.4178e+31
3.371585e-01	1.0262e+01	1.6530e+01	6.0727e+07	1.0000e+04	9.6555e+03	4.3028e+00	7.5369e+03	3.4238e+06	1.0000e+00	1.0000e+00	1.0000e+00	8.0105e+05	8.0000e+05	2.0000e+05	1.0951e+52	7.0970e+41	3.9091e+41	3.1879e+41	2.5218e+39	1.4184e+31
3.391406e-01	1.0295e+01	1.6485e+01	3.1720e+07	1.0000e+04	5.5572e+03	5.6729e+00	6.3055e+03	2.9035e+06	1.0000e+00	1.0000e+00	1.0000e+00	8.0119e+05	8.0000e+05	2.0000e+05	1.0952e+52	7.0983e+41	3.9092e+41	3.1891e+41	2.5225e+39	1.4191e+31
3.411228e-01	1.0327e+01	1.6436e+01	2.7133e+06	1.0000e+04	1.9487e+03	9.5822e+00	4.0465e+03	1.9580e+06	1.0000e+00	1.0000e+00	1.0000e+00	8.0132e+05	8.0000e+05	2.0000e+05	1.0953e+52	7.0995e+41	3.9092e+41	3.1903e+41	2.5232e+39	1.4197e+31
3.413082e-01	1.0330e+01	1.6431e+01	9.9804e-05	1.0000e+04	1.6767e+03	1.0330e+01	3.7749e+03	1.8360e+06	1.0000e+00	1.0000e+00	1.0000e+00	8.0134e+05	8.0000e+05	2.0000e+05	1.0953e+52	7.0996e+41	3.9092e+41	3.1904e+41	2.5233e+39	1.4198e+31
3.413082e-01	1.0330e+01	1.6431e+01	9.9804e-05	1.0000e+04	1.6767e+03	1.0330e+01	3.7749e+03	1.8360e+06	1.0000e+00	1.0000e+00	1.0000e+00	8.0134e+05	8.0000e+05	2.0000e+05	1.0953e+52	7.0996e+41	3.9092e+41	3.1904e+41	2.5233e+39	1.4198e+31
3.611904e-01	1.0647e+01	1.5945e+01	9.9804e-05	1.0000e+04	1.5856e+03	1.0647e+01	3.5697e+03	1.7354e+06	1.0000e+00	1.0000e+00	1.0000e+00	8.0271e+05	8.0000e+05	2.0000e+05	1.0962e+52	7.1122e+41	3.9101e+41	3.2021e+41	2.5302e+39	1.4263e+31
3.810725e-01	1.0955e+01	1.5485e+01	9.9804e-05	1.0000e+04	1.5045e+03	1.0955e+01	3.3872e+03	1.6460e+06	1.0000e+00	1.0000e+00	1.0000e+00	8.0413e+05	8.0000e+05	2.0000e+05	1.0973e+52	7.1252e+41	3.9120e+41	3.2132e+41	2.5370e+39	1.4328e+31
4.372203e-01	1.1791e+01	1.4272e+01	9.9804e-05	1.0000e+04	1.3156e+03	1.1791e+01	2.9620e+03	1.4377e+06	1.0000e+00	1.0000e+00	1.0000e+00	8.0840e+05	8.0000e+05	2.0000e+05	1.1011e+52	7.1663e+41	3.9268e+41	3.2395e+41	2.5565e+39	1.4512e+31
4.933682e-01	1.2562e+01	1.3208e+01	9.9804e-05	1.0000e+04	1.1741e+03	1.2562e+01	2.6434e+03	1.2818e+06	1.0000e+00	1.0000e+00	1.0000e+00	8.1291e+05	8.0000e+05	2.0000e+05	1.1056e+52	7.2136e+41	3.9489e+41	3.2646e+41	2.5765e+39	1.4702e+31
5.495161e-01	1.3277e+01	1.2260e+01	9.9804e-05	1.0000e+04	1.0647e+03	1.3277e+01	2.3970e+03	1.1613e+06	1.0000e+00	1.0000e+00	1.0000e+00	8.1762e+05	8.0000e+05	2.0000e+05	1.1089e+52	7.2630e+41	3.9602e+41	3.3028e+41	2.5965e+39	1.4892e+31
6.379627e-01	1.4301e+01	1.0952e+01	9.9804e-05	1.0000e+04	9.3674e+02	1.4301e+01	2.1089e+03	1.0200e+06	1.0000e+00	1.0000e+00	1.0000e+00	8.2530e+05	8.0000e+05	2.0000e+05	1.1135e+52	7.3311e+41	3.9657e+41	3.3654e+41	2.6289e+39	1.5202e+31
7.264093e-01	1.5218e+01	9.8042e+00	9.9804e-05	1.0000e+04	8.4390e+02	1.5218e+01	1.8999e+03	9.1731e+05	1.0000e+00	1.0000e+00	1.0000e+00	8.3318e+05	8.0000e+05	2.0000e+05	1.1212e+52	7.3924e+41	3.9868e+41	3.4056e+41	2.6600e+39	1.5507e+31
8.148558e-01	1.6039e+01	8.7820e+00	9.9804e-05	1.0000e+04	7.7377e+02	1.6039e+01	1.7420e+03	8.4010e+05	1.0000e+00	1.0000e+00	1.0000e+00	8.4110e+05	8.0000e+05	2.0000e+05	1.1303e+52	7.4692e+41	4.0198e+41	3.4493e+41	2.6872e+39	1.5794e+31
9.033024e-01	1.6774e+01	7.8581e+00	9.9804e-05	1.0000e+04	7.2207e+02	1.6774e+01	1.6256e+03	7.8279e+05	1.0000e+00	1.0000e+00	1.0000e+00	8.4891e+05	8.0000e+05	2.0000e+05	1.1372e+52	7.5450e+41	4.0444e+41	3.5006e+41	2.7205e+39	1.6121e+31
1.003302e+00	1.7512e+01	6.9078e+00	9.9804e-05	1.0000e+04	6.7643e+02	1.7512e+01	1.5229e+03	7.3258e+05	1.0000e+00	1.0000e+00	1.0000e+00	8.5746e+05	8.0000e+05	2.0000e+05	1.1450e+52	7.6497e+41	4.0718e+41	3.5779e+41	2.7524e+39	1.6459e+31
1.103302e+00	1.8158e+01	6.0377e+00	9.9804e-05	1.0000e+04	6.4370e+02	1.8158e+01	1.4492e+03	6.9603e+05	1.0000e+00	1.0000e+00	1.0000e+00	8.6557e+05	8.0000e+05	2.0000e+05	1.1554e+52	7.7396e+41	4.1094e+41	3.6302e+41	2.7839e+39	1.6841e+31
1.203302e+00	1.8721e+01	5.2322e+00	9.9804e-05	1.0000e+04	6.1962e+02	1.8721e+01	1.3950e+03	6.6893e+05	1.0000e+00	1.0000e+00	1.0000e+00	8.7312e+05	8.0000e+05	2.0000e+05	1.1686e+52	7.8280e+41	4.1463e+41	3.6817e+41	2.8227e+39	1.7232e+31
1.303302e+00	1.9206e+01	4.4792e+00	9.9804e-05	1.0000e+04	6.0380e+02	1.9206e+01	1.3594e+03	6.5083e+05	1.0000e+00	1.0000e+00	1.0000e+00	8.8001e+05	8.0000e+05	2.0000e+05	1.1847e+52	7.9370e+41	4.2130e+41	3.7240e+41	2.8554e+39	1.7673e+31
1.403302e+00	1.9618e+01	3.7690e+00	9.9804e-05	1.0000e+04	5.9226e+02	1.9618e+01	1.3334e+03	6.3739e+05	1.0000e+00	1.0000e+00	1.0000e+00	8.8613e+05	8.0000e+05	2.0000e+05	1.2015e+52	8.0293e+41	4.2631e+41	3.7661e+41	2.8950e+39	1.8087e+31
1.503302e+00	1.9961e+01	3.0933e+00	9.9804e-05	1.0000e+04	5.8542e+02	1.9961e+01	1.3180e+03	6.2924e+05	1.0000e+00	1.0000e+00	1.0000e+00	8.9143e+05	8.0000e+05	2.0000e+05	1.2126e+52	8.1399e+41	4.3118e+41	3.8281e+41	2.9289e+39	1.8508e+31
1.603302e+00	2.0238e+01	2.4451e+00	9.9804e-05	1.0000e+04	5.8272e+02	2.0238e+01	1.3119e+03	6.2559e+05	1.0000e+00	1.0000e+00	1.0000e+00	8.9584e+05	8.0000e+05	2.0000e+05	1.2292e+52	8.2532e+41	4.3714e+41	3.8818e+41	2.9629e+39	1.8937e+31
1.703302e+00	2.0451e+01	1.8185e+00	9.9804e-05	1.0000e+04	5.8530e+02	2.0451e+01	1.3177e+03	6.2743e+05	1.0000e+00	1.0000e+00	1.0000e+00	8.9932e+05	8.0000e+05	2.0000e+05	1.2463e+52	8.3688e+41	4.4323e+41	3.9366e+41	2.9909e+39	1.9424e+31
1.803302e+00	2.0602e+01	1.2079e+00	9.9804e-05	1.0000e+04	5.9014e+02	2.0602e+01	1.3286e+03	6.3169e+05	1.0000e+00	1.0000e+00	1.0000e+00	9.0183e+05	8.0000e+05	2.0000e+05	1.2663e+52	8.4660e+41	4.4940e+41	3.9719e+41	3.0177e+39	1.9875e+31
1.903302e+00	2.0693e+01	6.0826e-01	9.9804e-05	1.0000e+04	5.9899e+02	2.0693e+01	1.3485e+03	6.4037e+05	1.0000e+00	1.0000e+00	1.0000e+00	9.0336e+05	8.0000e+05	2.0000e+05	1.2872e+52	8.5825e+41	4.5476e+41	4.0349e+41	3.0485e+39	2.0351e+31
2.003302e+00	2.0724e+01	1.4610e-02	9.9804e-05	1.0000e+04	5.9826e+02	2.0724e+01	1.3469e+03	6.4059e+05	1.0000e+00	1.0000e+00	1.0000e+00	9.0388e+05	8.0000e+05	2.0000e+05	1.3021e+52	8.7025e+41	4.5792e+41	4.1233e+41	2.9811e+39	2.0388e+31
2.032795e+00	2.0722e+01	-1.6014e-01	9.9804e-05	1.0000e+04	5.9596e+02	2.0722e+01	1.3417e+03	6.3878e+05	1.0000e+00	1.0000e+00	1.0000e+00	9.0385e+05	8.0000e+05	2.0000e+05	1.3074e+52	8.7366e+41	4.5916e+41	4.1450e+41	2.9365e+39	2.0305e+31
2.062288e+00	2.0714e+01	-3.3497e-01	9.9804e-05	1.0000e+04	5.9335e+02	2.0714e+01	1.3358e+03	6.3673e+05	1.0000e+00	1.0000e+00	1.0000e+00	9.0385e+05	8.0000e+05	2.0000e+05	1.3131e+52	8.7711e+41	4.6055e+41	4.1656e+41	2.8854e+39	2.0202e+31
2.121273e+00	2.0684e+01	-6.8524e-01	9.9804e-05	1.0000e+04	5.8970e+02	2.0684e+01	1.3276e+03	6.3430e+05	1.0000e+00	1.0000e+00	1.0000e+00	9.0385e+05	8.0000e+05	2.0000e+05	1.3229e+52	8.8469e+41	4.6268e+41	4.2201e+41	2.7897e+39	2.0019e+31
2.180258e+00	2.0634e+01	-1.0369e+00	9.9804e-05	1.0000e+04	5.9015e+02	2.0634e+01	1.3286e+03	6.3596e+05	1.0000e+00	1.0000e+00	1.0000e+00	9.0385e+05	8.0000e+05	2.0000e+05	1.3304e+52	8.9327e+41	4.6399e+41	4.2928e+41	2.7224e+39	1.9936e+31
2.239243e+00	2.0562e+01	-1.3909e+00	9.9804e-05	1.0000e+04	5.9246e+02	2.0562e+01	1.3338e+03	6.3950e+05	1.0000e+00	1.0000e+00	1.0000e+00	9.0385e+05	8.0000e+05	2.0000e+05	1.3459e+52	9.0134e+41	4.6834e+41	4.3300e+41	2.6594e+39	1.9876e+31
2.298228e+00	2.0469e+01	-1.7478e+00	9.9804e-05	1.0000e+04	5.9618e+02	2.0469e+01	1.3422e+03	6.4447e+05	1.0000e+00	1.0000e+00	1.0000e+00	9.0385e+05	8.0000e+05	2.0000e+05	1.3632e+52	9.0855e+41	4.7306e+41	4.3549e+41	2.5942e+39	1.9821e+31
2.398228e+00	2.0264e+01	-2.3624e+00	9.9804e-05	1.0000e+04	6.0941e+02	2.0264e+01	1.3720e+03	6.5988e+05	1.0000e+00	1.0000e+00	1.0000e+00	9.0385e+05	8.0000e+05	2.0000e+05	1.3497e+52	9.2110e+41	4.6338e+41	4.5772e+41	2.5099e+39	1.9856e+31
2.498228e+00	1.9996e+01	-2.9929e+00	9.9804e-05	1.0000e+04	6.2715e+02	1.9996e+01	1.4119e+03	6.8023e+05	1.0000e+00	1.0000e+00	1.0000e+00	9.0385e+05	8.0000e+05	2.0000e+05	1.3187e+52	9.3403e+41	4.4651e+41	4.8752e+41	2.4289e+39	1.9897e+31
2.598228e+00	1.9664e+01	-3.6445e+00	9.9804e-05	1.0000e+04	6.5397e+02	1.9664e+01	1.4723e+03	7.0971e+05	1.0000e+00	1.0000e+00	1.0000e+00	9.0385e+05	8.0000e+05	2.0000e+05	1.2914e+52	9.4515e+41	4.3210e+41	5.1305e+41	2.3816e+39	2.0066e+31
2.698228e+00	1.9266e+01	-4.3232e+00	9.9804e-05	1.0000e+04	6.9025e+02	1.9266e+01	1.5540e+03	7.4891e+05	1.0000e+00	1.0000e+00	1.0000e+00	9.0385e+05	8.0000e+05	2.0000e+05	1.2650e+52	9.5562e+41	4.1937e+41	5.3625e+41	2.3420e+39	2.0329e+31
2.798228e+00	1.8798e+01	-5.0359e+00	9.9804e-05	1.0000e+04	7.4478e+02	1.8798e+01	1.6768e+03	8.0715e+05	1.0000e+00	1.0000e+00	1.0000e+00	9.0385e+05	8.0000e+05	2.0000e+05	1.2392e+52	9.7290e+41	4.0617e+41	5.6673e+41	2.3408e+39	2.0883e+31
2.898228e+00	1.8257e+01	-5.7913e+00	9.9804e-05	1.0000e+04	8.1504e+02	1.8257e+01	1.8350e+03	8.8159e+05	1.0000e+00	1.0000e+00	1.0000e+00	9.0385e+05	8.0000e+05	2.0000e+05	1.2129e+52	9.8922e+41	3.9383e+41	5.9539e+41	2.3425e+39	2.1557e+31
2.998228e+00	1.7638e+01	-6.6012e+00	9.9804e-05	1.0000e+04	8.7530e+02	1.7638e+01	1.9706e+03	9.4833e+05	1.0000e+00	1.0000e+00	1.0000e+00	9.0385e+05	8.0000e+05	2.0000e+05	1.2084e+52	1.0030e+42	3.8869e+41	6.1431e+41	2.2996e+39	2.1606e+31
3.098228e+00	1.6934e+01	-7.4710e+00	9.9804e-05	1.0000e+04	1.4205e+03	1.6934e+01	3.1981e+03	1.4780e+06	1.0000e+00	1.0000e+00	1.0000e+00	9.0385e+05	8.0000e+05	2.0000e+05	1.2390e+52	1.0157e+42	3.9646e+41	6.1920e+41	3.2896e+39	3.2324e+31
3.198228e+00	1.6139e+01	-8.4195e+00	9.9804e-05	1.0000e+04	2.0058e+03	1.6139e+01	4.5157e+03	2.0416e+06	1.0000e+00	1.0000e+00	1.0000e+00	9.0385e+05	8.0000e+05	2.0000e+05	1.2487e+52	1.0128e+42	3.9997e+41	6.1288e+41	4.1325e+39	4.1454e+31
3.272572e+00	1.5483e+01	-9.1938e+00	9.9804e-05	1.0000e+04	2.2629e+03	1.5483e+01	5.0947e+03	2.2954e+06	1.0000e+00	1.0000e+00	1.0000e+00	9.0385e+05	8.0000e+05	2.0000e+05	1.2664e+52	1.0044e+42	4.0932e+41	5.9508e+41	4.2596e+39	4.3046e+31
3.346915e+00	1.4766e+01	-1.0049e+01	9.9804e-05	1.0000e+04	2.4580e+03	1.4766e+01	5.5338e+03	2.4940e+06	1.0000e+00	1.0000e+00	1.0000e+00	9.0385e+05	8.0000e+05	2.0000e+05	1.2732e+52	9.9634e+41	4.1312e+41	5.8322e+41	4.2080e+39	4.2527e+31
3.421259e+00	1.3982e+01	-1.1009e+01	9.9804e-05	1.0000e+04	2.7105e+03	1.3982e+01	6.1023e+03	2.7512e+06	1.0000e+00	1.0000e+00	1.0000e+00	9.0385e+05	8.0000e+05	2.0000e+05	1.2721e+52	9.8999e+41	4.1284e+41	5.7715e+41	4.1098e+39	4.2045e+31
3.520480e+00	1.2816e+01	-1.2497e+01	9.9804e-05	1.0000e+04	3.2676e+03	1.2816e+01	7.3566e+03	3.3112e+06	1.0000e+00	1.0000e+00	1.0000e+00	9.0385e+05	8.0000e+05	2.0000e+05	1.2877e+52	9.8058e+41	4.2182e+41	5.5876e+41	4.2653e+39	4.2587e+31
3.619702e+00	1.1486e+01	-1.4339e+01	9.9804e-05	1.0000e+04	4.2058e+03	1.1486e+01	9.4689e+03	4.2466e+06	1.0000e+00	1.0000e+00	1.0000e+00	9.0385e+05	8.0000e+05	2.0000e+05	1.2476e+52	9.6406e+41	4.0936e+41	5.5470e+41	5.4810e+39	4.4031e+31
3.691856e+00	1.0391e+01	-1.6014e+01	9.9804e-05	1.0000e+04	5.1901e+03	1.0391e+01	1.1685e+04	5.2304e+06	1.0000e+00	1.0000e+00	1.0000e+00	9.0385e+05	8.0000e+05	2.0000e+05	1.2028e+52	9.4658e+41	3.9471e+41	5.5187e+41	6.1324e+39	4.4469e+31
3.750454e+00	9.4038e+00	-1.7695e+01	9.9804e-05	1.0000e+04	6.1933e+03	9.4038e+00	1.3943e+04	6.2444e+06	1.0000e+00	1.0000e+00	1.0000e+00	9.0385e+05	8.0000e+05	2.0000e+05	1.1662e+52	9.3176e+41	3.8217e+41	5.4959e+41	6.1645e+39	4.3457e+31
3.809052e+00	8.3050e+00	-1.9825e+01	9.9804e-05	1.0000e+04	7.5501e+03	8.3050e+00	1.6998e+04	7.6305e+06	1.0000e+00	1.0000e+00	1.0000e+00	9.0385e+05	8.0000e+05	2.0000e+05	1.1279e+52	9.1654e+41	3.6840e+41	5.4815e+41	5.8937e+39	4.1321e+31
3.821540e+00	8.0541e+00	-2.0355e+01	9.9804e-05	1.0000e+04	7.9239e+03	8.0541e+00	1.7839e+04	8.0134e+06	1.0000e+00	1.0000e+00	1.0000e+00	9.0385e+05	8.0000e+05	2.0000e+05	1.1190e+52	9.1311e+41	3.6515e+41	5.4795e+41	5.8306e+39	4.0786e+31
3.834027e+00	7.7964e+00	-2.0921e+01	9.9804e-05	1.0000e+04	8.3428e+03	7.7964e+00	1.8783e+04	8.4430e+06	1.0000e+00	1.0000e+00	1.0000e+00	9.0385e+05	8.0000e+05	2.0000e+05	1.1098e+52	9.0959e+41	3.6182e+41	5.4777e+41	5.7706e+39	4.0238e+31
3.846514e+00	7.5314e+00	-2.1527e+01	9.9804e-05	1.0000e+04	8.8175e+03	7.5314e+00	1.9851e+04	8.9297e+06	1.0000e+00	1.0000e+00	1.0000e+00	9.0385e+05	8.0000e+05	2.0000e+05	1.1004e+52	9.0601e+41	3.5843e+41	5.4758e+41	5.7138e+39	3.9685e+31
3.871489e+00	6.9773e+00	-2.2883e+01	9.9804e-05	1.0000e+04	9.9911e+03	6.9773e+00	2.2494e+04	1.0133e+07	1.0000e+00	1.0000e+00	1.0000e+00	9.0385e+05	8.0000e+05	2.0000e+05	1.0812e+52	8.9870e+41	3.5168e+41	5.4702e+41	5.6108e+39	3.8594e+31
3.896464e+00	6.3862e+00	-2.4490e+01	9.9804e-05	1.0000e+04	1.1610e+04	6.3862e+00	2.6138e+04	1.1791e+07	1.0000e+00	1.0000e+00	1.0000e+00	9.0385e+05	8.0000e+05	2.0000e+05	1.0621e+52	8.9127e+41	3.4524e+41	5.4602e+41	5.5234e+39	3.7571e+31
3.921438e+00	5.7509e+00	-2.6448e+01	9.9804e-05	1.0000e+04	1.3975e+04	5.7509e+00	3.1462e+04	1.4210e+07	1.0000e+00	1.0000e+00	1.0000e+00	9.0385e+05	8.0000e+05	2.0000e+05	1.0437e+52	8.8380e+41	3.3944e+41	5.4435e+41	5.4532e+39	3.6673e+31
3.946413e+00	5.0605e+00	-2.8927e+01	9.9804e-05	1.0000e+04	1.7680e+04	5.0605e+00	3.9803e+04	1.7994e+07	1.0000e+00	1.0000e+00	1.0000e+00	9.0385e+05	8.0000e+05	2.0000e+05	1.0263e+52	8.7633e+41	3.3435e+41	5.4198e+41	5.3999e+39	3.5925e+31
3.979540e+00	4.0282e+00	-3.3662e+01	9.9804e-05	1.0000e+04	2.7295e+04	4.0282e+00	6.1450e+04	2.7802e+07	1.0000e+00	1.0000e+00	1.0000e+00	9.0385e+05	8.0000e+05	2.0000e+05	1.0047e+52	8.6637e+41	3.2826e+41	5.3811e+41	5.3505e+39	3.5143e+31
3.999219e+00	3.3260e+00	-3.7936e+01	9.9804e-05	1.0000e+04	3.9625e+04	3.3260e+00	8.9210e+04	4.0372e+07	1.0000e+00	1.0000e+00	1.0000e+00	9.0385e+05	8.0000e+05	2.0000e+05	9.9269e+51	8.6040e+41	3.2479e+41	5.3561e+41	5.3303e+39	3.4780e+31
4.013953e+00	2.7340e+00	-4.2665e+01	9.9804e-05	1.0000e+04	5.8258e+04	2.7340e+00	1.3116e+05	5.9363e+07	1.0000e+00	1.0000e+00	1.0000e+00	9.0385e+05	8.0000e+05	2.0000e+05	9.8407e+51	8.5588e+41	3.2216e+41	5.3372e+41	5.3186e+39	3.4553e+31
4.024806e+00	2.2443e+00	-4.7834e+01	9.9804e-05	1.0000e+04	8.6086e+04	2.2443e+00	1.9381e+05	8.7722e+07	1.0000e+00	1.0000e+00	1.0000e+00	9.0385e+05	8.0000e+05	2.0000e+05	9.7791e+51	8.5253e+41	3.2019e+41	5.3234e+41	5.3113e+39	3.4406e+31
4.032840e+00	1.8384e+00	-5.3530e+01	9.9804e-05	1.0000e+04	1.2793e+05	1.8384e+00	2.8802e+05	1.3036e+08	1.0000e+00	1.0000e+00	1.0000e+00	9.0385e+05	8.0000e+05	2.0000e+05	9.7343e+51	8.5004e+41	3.1872e+41	5.3132e+41	5.3063e+39	3.4307e+31
4.038771e+00	1.5032e+00	-5.9812e+01	9.9804e-05	1.0000e+04	1.9095e+05	1.5032e+00	4.2990e+05	1.9458e+08	1.0000e+00	1.0000e+00	1.0000e+00	9.0385e+05	8.0000e+05	2.0000e+05	9.7017e+51	8.4820e+41	3.1762e+41	5.3058e+41	5.3026e+39	3.4237e+31
4.043142e+00	1.2274e+00	-6.6749e+01	9.9804e-05	1.0000e+04	2.8599e+05	1.2274e+00	6.4386e+05	2.9142e+08	1.0000e+00	1.0000e+00	1.0000e+00	9.0385e+05	8.0000e+05	2.0000e+05	9.6778e+51	8.4684e+41	3.1681e+41	5.3003e+41	5.2999e+39	3.4187e+31
4.046358e+00	1.0011e+00	-7.4417e+01	9.9804e-05	1.0000e+04	4.2950e+05	1.0011e+00	9.6696e+05	4.3765e+08	1.0000e+00	1.0000e+00	1.0000e+00	9.0385e+05	8.0000e+05	2.0000e+05	9.6602e+51	8.4583e+41	3.1620e+41	5.2963e+41	5.2978e+39	3.4152e+31
4.046372e+00	1.0000e+00	-7.4458e+01	9.9804e-05	1.0000e+04	4.3040e+05	1.0000e+00	9.6900e+05	4.3857e+08	1.0000e+00	1.0000e+00	1.0000e+00	9.0385e+05	8.0000e+05	2.0000e+05	9.6602e+51	8.4583e+41	3.1620e+41	5.2963e+41	5.2978e+39	3.4152e+31
