1.0000e+04 52.760 -0.232 42.549 40.068 31.805 40.068
1.1000e+05 52.757 -0.237 42.551 40.075 31.816 40.075
2.1000e+05 52.757 -0.240 42.553 40.081 31.826 40.081
3.1000e+05 52.758 -0.242 42.556 40.086 31.835 40.086
4.1000e+05 52.759 -0.246 42.560 40.092 31.844 40.092
5.1000e+05 52.760 -0.248 42.563 40.097 31.853 40.097
6.1000e+05 52.761 -0.252 42.566 40.103 31.862 40.103
7.1000e+05 52.761 -0.256 42.570 40.108 31.871 40.108
8.1000e+05 52.762 -0.258 42.573 40.112 31.880 40.112
9.1000e+05 52.764 -0.261 42.577 40.117 31.890 40.117
1.0100e+06 52.761 -0.271 42.580 40.121 31.899 40.121
1.1100e+06 52.741 -0.304 42.584 40.125 31.908 40.125
1.2100e+06 52.744 -0.305 42.588 40.128 31.917 40.128
1.3100e+06 52.749 -0.308 42.592 40.130 31.925 40.130
1.4100e+06 52.745 -0.318 42.596 40.130 31.932 40.130
1.5100e+06 52.741 -0.329 42.600 40.130 31.939 40.130
1.6100e+06 52.727 -0.350 42.604 40.126 31.944 40.126
1.7100e+06 52.725 -0.359 42.608 40.121 31.946 40.121
1.8100e+06 52.722 -0.367 42.613 40.112 31.946 40.112
1.9100e+06 52.707 -0.391 42.617 40.098 31.942 40.098
2.0100e+06 52.691 -0.417 42.622 40.078 31.933 40.078
2.1100e+06 52.666 -0.455 42.627 40.053 31.918 40.053
2.2100e+06 52.620 -0.514 42.633 40.030 31.909 40.030
2.3100e+06 52.575 -0.562 42.636 40.042 31.946 40.042
2.4100e+06 52.534 -0.612 42.644 40.085 32.027 40.085
2.5100e+06 52.490 -0.663 42.649 40.080 32.044 40.080
2.6100e+06 52.467 -0.698 42.654 40.104 32.095 40.104
2.7100e+06 52.407 -0.766 42.660 40.101 32.142 40.101
2.8100e+06 52.472 -0.682 42.660 40.231 32.273 40.231
2.9100e+06 52.506 -0.624 42.653 40.276 32.325 40.276
3.0100e+06 52.546 -0.552 42.643 40.343 32.365 40.336
3.1100e+06 52.510 -0.561 42.613 40.546 32.354 40.320
3.2100e+06 52.470 -0.574 42.585 40.528 32.331 40.293
3.3100e+06 52.438 -0.581 42.558 40.533 32.321 40.278
3.4100e+06 52.403 -0.591 42.533 40.522 32.319 40.264
3.5100e+06 52.373 -0.590 42.508 40.497 32.252 40.209
3.6100e+06 52.342 -0.598 42.485 40.472 32.179 40.148
3.7100e+06 52.294 -0.636 42.462 40.470 32.134 40.108
3.8100e+06 52.238 -0.690 42.441 40.442 32.086 40.056
3.9100e+06 52.147 -0.773 42.421 40.390 31.977 39.901
4.0100e+06 52.096 -0.824 42.404 40.360 31.905 39.793
4.1100e+06 52.052 -0.862 42.387 40.336 31.854 39.709
4.2100e+06 52.011 -0.893 42.370 40.323 31.794 39.635
4.3100e+06 51.982 -0.912 42.355 40.321 31.764 39.609
4.4100e+06 51.935 -0.947 42.339 40.316 31.724 39.566
4.5100e+06 51.899 -0.975 42.324 40.312 31.690 39.530
4.6100e+06 51.861 -0.999 42.309 40.307 31.645 39.480
4.7100e+06 51.765 -1.088 42.294 40.320 31.603 39.421
4.8100e+06 51.759 -1.057 42.279 40.299 31.542 39.383
4.9100e+06 51.724 -1.076 42.264 40.300 31.532 39.370
5.0100e+06 51.672 -1.129 42.248 40.289 31.505 39.320
5.1100e+06 51.615 -1.177 42.233 40.271 31.479 39.266
5.2100e+06 51.538 -1.252 42.218 40.263 31.398 39.187
5.3100e+06 51.500 -1.276 42.204 40.278 31.368 39.142
5.4100e+06 51.444 -1.320 42.190 40.257 31.366 39.128
5.5100e+06 51.397 -1.354 42.177 40.254 31.343 39.097
5.6100e+06 51.354 -1.384 42.163 40.250 31.310 39.061
5.7100e+06 51.321 -1.403 42.151 40.246 31.260 39.005
5.8100e+06 51.264 -1.445 42.138 40.243 31.210 38.949
5.9100e+06 51.221 -1.474 42.126 40.241 31.160 38.890
6.0100e+06 51.176 -1.507 42.114 40.238 31.085 38.814
6.1100e+06 51.131 -1.541 42.102 40.237 31.090 38.804
6.2100e+06 51.091 -1.568 42.090 40.238 31.130 38.824
6.3100e+06 51.050 -1.598 42.079 40.238 31.156 38.835
6.4100e+06 51.007 -1.630 42.068 40.234 31.019 38.737
6.5100e+06 50.964 -1.662 42.056 40.233 30.987 38.700
6.6100e+06 50.921 -1.695 42.045 40.231 30.961 38.670
6.7100e+06 50.885 -1.722 42.033 40.231 30.949 38.658
6.8100e+06 50.848 -1.747 42.022 40.230 30.938 38.647
6.9100e+06 50.812 -1.773 42.011 40.229 30.879 38.614
7.0100e+06 50.777 -1.797 41.999 40.228 30.882 38.616
7.1100e+06 50.739 -1.824 41.988 40.227 30.885 38.617
7.2100e+06 50.705 -1.849 41.978 40.220 30.885 38.621
7.3100e+06 50.668 -1.877 41.967 40.218 30.886 38.624
7.4100e+06 50.626 -1.909 41.957 40.217 30.882 38.623
7.5100e+06 50.594 -1.930 41.947 40.215 30.891 38.629
7.6100e+06 50.561 -1.953 41.937 40.215 30.898 38.640
7.7100e+06 50.530 -1.975 41.927 40.213 30.897 38.641
7.8100e+06 50.496 -2.000 41.917 40.212 30.902 38.648
7.9100e+06 50.464 -2.023 41.907 40.211 30.894 38.641
8.0100e+06 50.435 -2.042 41.897 40.209 30.870 38.614
8.1100e+06 50.405 -2.063 41.888 40.207 30.834 38.576
8.2100e+06 50.377 -2.082 41.878 40.204 30.790 38.529
8.3100e+06 50.347 -2.105 41.869 40.202 30.750 38.486
8.4100e+06 50.317 -2.126 41.859 40.200 30.711 38.445
8.5100e+06 50.287 -2.147 41.849 40.198 30.676 38.408
8.6100e+06 50.264 -2.161 41.840 40.196 30.634 38.366
8.7100e+06 50.239 -2.177 41.831 40.194 30.599 38.332
8.8100e+06 50.215 -2.193 41.822 40.166 30.561 38.297
8.9100e+06 50.188 -2.212 41.814 40.155 30.525 38.262
9.0100e+06 50.163 -2.229 41.806 40.150 30.490 38.230
9.1100e+06 50.139 -2.247 41.798 40.146 30.456 38.198
9.2100e+06 50.116 -2.262 41.790 40.141 30.420 38.164
9.3100e+06 50.095 -2.276 41.783 40.137 30.387 38.134
9.4100e+06 50.070 -2.294 41.775 40.133 30.359 38.107
9.5100e+06 50.046 -2.311 41.768 40.129 30.327 38.078
9.6100e+06 50.025 -2.325 41.761 40.125 30.295 38.049
9.7100e+06 49.999 -2.344 41.754 40.121 30.269 38.025
9.8100e+06 49.979 -2.359 41.747 40.118 30.237 37.995
9.9100e+06 49.957 -2.374 41.740 40.114 30.212 37.973
1.0010e+07 49.937 -2.388 41.734 40.110 30.180 37.943
1.0110e+07 49.917 -2.401 41.727 40.107 30.150 37.916
1.0210e+07 49.898 -2.415 41.721 40.104 30.126 37.893
1.0310e+07 49.874 -2.432 41.714 40.100 30.105 37.874
1.0410e+07 49.860 -2.441 41.708 40.097 30.073 37.845
1.0510e+07 49.836 -2.459 41.702 40.094 30.053 37.826
1.0610e+07 49.815 -2.475 41.696 40.090 30.023 37.799
1.0710e+07 49.795 -2.489 41.690 40.087 30.004 37.779
1.0810e+07 49.772 -2.506 41.684 40.084 29.973 37.751
1.0910e+07 49.758 -2.515 41.678 40.081 29.954 37.733
1.1010e+07 49.734 -2.533 41.673 40.078 29.933 37.713
1.1110e+07 49.714 -2.548 41.667 40.075 29.904 37.685
1.1210e+07 49.702 -2.555 41.662 40.072 29.882 37.664
1.1310e+07 49.684 -2.567 41.656 40.069 29.860 37.642
1.1410e+07 49.663 -2.583 41.650 40.066 29.844 37.625
1.1510e+07 49.647 -2.594 41.645 40.063 29.830 37.610
1.1610e+07 49.630 -2.605 41.639 40.061 29.805 37.585
1.1710e+07 49.612 -2.618 41.634 40.058 29.776 37.555
1.1810e+07 49.591 -2.634 41.628 40.055 29.751 37.530
1.1910e+07 49.577 -2.642 41.622 40.052 29.714 37.495
1.2010e+07 49.558 -2.656 41.617 40.050 29.673 37.456
1.2110e+07 49.541 -2.667 41.611 40.047 29.634 37.418
1.2210e+07 49.527 -2.676 41.606 40.044 29.574 37.363
1.2310e+07 49.506 -2.692 41.600 40.042 29.548 37.339
1.2410e+07 49.490 -2.702 41.594 40.039 29.523 37.313
1.2510e+07 49.469 -2.718 41.589 40.037 29.500 37.289
1.2610e+07 49.460 -2.722 41.583 40.035 29.482 37.271
1.2710e+07 49.441 -2.735 41.577 40.033 29.463 37.251
1.2810e+07 49.426 -2.745 41.572 40.031 29.446 37.233
1.2910e+07 49.415 -2.751 41.566 40.028 29.428 37.214
1.3010e+07 49.392 -2.768 41.561 40.026 29.412 37.196
1.3110e+07 49.379 -2.776 41.555 40.024 29.398 37.180
1.3210e+07 49.363 -2.787 41.550 40.022 29.384 37.165
1.3310e+07 49.350 -2.795 41.545 40.019 29.370 37.149
1.3410e+07 49.334 -2.805 41.539 40.017 29.356 37.135
1.3510e+07 49.323 -2.812 41.534 40.015 29.343 37.119
1.3610e+07 49.305 -2.824 41.529 40.013 29.330 37.104
1.3710e+07 49.291 -2.834 41.524 40.011 29.316 37.089
1.3810e+07 49.271 -2.849 41.519 40.008 29.303 37.074
1.3910e+07 49.261 -2.854 41.514 40.006 29.290 37.059
1.4010e+07 49.243 -2.868 41.509 40.004 29.277 37.044
1.4110e+07 49.232 -2.874 41.504 40.002 29.264 37.029
1.4210e+07 49.214 -2.888 41.499 40.000 29.251 37.015
1.4310e+07 49.204 -2.893 41.495 39.998 29.238 37.000
1.4410e+07 49.187 -2.905 41.490 39.996 29.226 36.985
1.4510e+07 49.170 -2.918 41.485 39.994 29.213 36.970
1.4610e+07 49.153 -2.930 41.481 39.992 29.201 36.955
1.4710e+07 49.143 -2.936 41.477 39.990 29.188 36.940
1.4810e+07 49.136 -2.939 41.472 39.988 29.176 36.926
1.4910e+07 49.121 -2.950 41.468 39.986 29.164 36.911
1.5010e+07 49.110 -2.957 41.463 39.984 29.151 36.896
1.5110e+07 49.097 -2.966 41.459 39.982 29.139 36.881
1.5210e+07 49.084 -2.974 41.455 39.980 29.127 36.867
1.5310e+07 49.073 -2.982 41.451 39.978 29.115 36.852
1.5410e+07 49.058 -2.992 41.446 39.976 29.103 36.837
1.5510e+07 49.047 -2.999 41.442 39.974 29.091 36.822
1.5610e+07 49.034 -3.008 41.438 39.972 29.079 36.807
1.5710e+07 49.022 -3.016 41.434 39.971 29.067 36.793
1.5810e+07 49.014 -3.021 41.430 39.969 29.056 36.779
1.5910e+07 48.999 -3.032 41.426 39.967 29.045 36.765
1.6010e+07 48.988 -3.039 41.422 39.965 29.033 36.752
1.6110e+07 48.977 -3.046 41.418 39.963 29.021 36.738
1.6210e+07 48.962 -3.058 41.415 39.961 29.010 36.725
1.6310e+07 48.947 -3.069 41.411 39.960 28.999 36.711
1.6410e+07 48.938 -3.075 41.407 39.958 28.988 36.698
1.6510e+07 48.923 -3.087 41.404 39.956 28.977 36.684
1.6610e+07 48.915 -3.091 41.401 39.954 28.966 36.672
1.6710e+07 48.904 -3.100 41.397 39.953 28.956 36.659
1.6810e+07 48.891 -3.109 41.394 39.951 28.945 36.646
1.6910e+07 48.879 -3.118 41.390 39.949 28.935 36.633
1.7010e+07 48.871 -3.123 41.387 39.948 28.925 36.620
1.7110e+07 48.857 -3.133 41.384 39.946 28.915 36.608
1.7210e+07 48.843 -3.144 41.380 39.944 28.904 36.596
1.7310e+07 48.838 -3.147 41.378 39.943 28.895 36.583
1.7410e+07 48.827 -3.155 41.375 39.941 28.884 36.570
1.7510e+07 48.820 -3.160 41.372 39.939 28.874 36.559
1.7610e+07 48.807 -3.169 41.369 39.938 28.863 36.546
1.7710e+07 48.802 -3.171 41.366 39.936 28.853 36.535
1.7810e+07 48.787 -3.184 41.363 39.935 28.842 36.522
1.7910e+07 48.780 -3.189 41.361 39.935 28.832 36.511
1.8010e+07 48.773 -3.193 41.358 39.933 28.822 36.499
1.8110e+07 48.763 -3.200 41.355 39.932 28.812 36.487
1.8210e+07 48.752 -3.208 41.352 39.930 28.801 36.475
1.8310e+07 48.741 -3.217 41.350 39.929 28.791 36.463
1.8410e+07 48.734 -3.221 41.347 39.927 28.782 36.452
1.8510e+07 48.725 -3.228 41.344 39.926 28.772 36.441
1.8610e+07 48.715 -3.235 41.341 39.924 28.762 36.429
1.8710e+07 48.703 -3.244 41.339 39.923 28.752 36.418
1.8810e+07 48.697 -3.247 41.336 39.921 28.743 36.406
1.8910e+07 48.690 -3.253 41.334 39.920 28.733 36.395
1.9010e+07 48.681 -3.259 41.331 39.918 28.724 36.385
1.9110e+07 48.663 -3.274 41.328 39.917 28.715 36.373
1.9210e+07 48.659 -3.276 41.326 39.915 28.705 36.362
1.9310e+07 48.653 -3.279 41.323 39.914 28.697 36.352
1.9410e+07 48.636 -3.294 41.321 39.912 28.688 36.340
1.9510e+07 48.632 -3.295 41.318 39.911 28.678 36.330
1.9610e+07 48.620 -3.305 41.316 39.910 28.669 36.319
1.9710e+07 48.612 -3.311 41.313 39.908 28.661 36.308
1.9810e+07 48.601 -3.319 41.311 39.907 28.652 36.298
1.9910e+07 48.592 -3.327 41.308 39.906 28.644 36.288
2.0010e+07 48.587 -3.329 41.306 39.904 28.636 36.278
2.0110e+07 48.576 -3.338 41.304 39.903 28.627 36.267
2.0210e+07 48.567 -3.344 41.301 39.901 28.619 36.257
2.0310e+07 48.559 -3.351 41.299 39.900 28.612 36.248
2.0410e+07 48.553 -3.354 41.297 39.899 28.603 36.238
2.0510e+07 48.541 -3.364 41.294 39.897 28.595 36.227
2.0610e+07 48.534 -3.369 41.292 39.896 28.587 36.217
2.0710e+07 48.524 -3.376 41.290 39.895 28.579 36.207
2.0810e+07 48.521 -3.377 41.288 39.893 28.572 36.199
2.0910e+07 48.514 -3.382 41.285 39.892 28.564 36.188
2.1010e+07 48.508 -3.386 41.283 39.891 28.556 36.178
2.1110e+07 48.497 -3.394 41.281 39.889 28.549 36.169
2.1210e+07 48.489 -3.400 41.278 39.888 28.541 36.160
2.1310e+07 48.484 -3.403 41.276 39.887 28.533 36.149
2.1410e+07 48.476 -3.409 41.274 39.885 28.526 36.140
2.1510e+07 48.468 -3.415 41.272 39.884 28.519 36.130
2.1610e+07 48.461 -3.420 41.270 39.883 28.512 36.121
2.1710e+07 48.450 -3.429 41.268 39.882 28.505 36.111
2.1810e+07 48.446 -3.431 41.266 39.880 28.498 36.102
2.1910e+07 48.439 -3.436 41.264 39.879 28.491 36.093
2.2010e+07 48.434 -3.438 41.261 39.878 28.485 36.085
2.2110e+07 48.421 -3.450 41.259 39.877 28.477 36.074
2.2210e+07 48.414 -3.454 41.257 39.875 28.470 36.065
2.2310e+07 48.407 -3.459 41.255 39.874 28.463 36.057
2.2410e+07 48.400 -3.465 41.253 39.873 28.458 36.048
2.2510e+07 48.391 -3.472 41.251 39.871 28.450 36.038
2.2610e+07 48.382 -3.479 41.249 39.870 28.443 36.029
2.2710e+07 48.374 -3.485 41.247 39.869 28.437 36.020
2.2810e+07 48.370 -3.487 41.245 39.868 28.431 36.011
2.2910e+07 48.360 -3.495 41.242 39.866 28.425 36.002
2.3010e+07 48.352 -3.501 41.241 39.866 28.419 35.994
2.3110e+07 48.346 -3.505 41.239 39.864 28.412 35.985
2.3210e+07 48.337 -3.511 41.236 39.863 28.401 35.976
2.3310e+07 48.332 -3.515 41.234 39.862 28.399 35.968
2.3410e+07 48.322 -3.524 41.232 39.861 28.392 35.959
2.3510e+07 48.314 -3.530 41.230 39.860 28.386 35.950
2.3610e+07 48.305 -3.537 41.229 39.858 28.382 35.942
2.3710e+07 48.297 -3.542 41.226 39.857 28.372 35.933
2.3810e+07 48.289 -3.548 41.225 39.856 28.368 35.924
2.3910e+07 48.283 -3.553 41.222 39.855 28.360 35.915
2.4010e+07 48.275 -3.559 41.221 39.854 28.357 35.907
2.4110e+07 48.268 -3.565 41.219 39.853 28.348 35.897
2.4210e+07 48.266 -3.565 41.217 39.851 28.343 35.890
2.4310e+07 48.260 -3.569 41.216 39.851 28.338 35.882
2.4410e+07 48.253 -3.574 41.214 39.849 28.333 35.872
2.4510e+07 48.245 -3.580 41.212 39.848 28.328 35.864
2.4610e+07 48.239 -3.585 41.210 39.847 28.325 35.856
2.4710e+07 48.229 -3.592 41.208 39.846 28.317 35.848
2.4810e+07 48.225 -3.596 41.207 39.845 28.312 35.840
2.4910e+07 48.219 -3.599 41.205 39.844 28.306 35.831
2.5010e+07 48.211 -3.606 41.203 39.842 28.300 35.821
2.5110e+07 48.208 -3.607 41.201 39.841 28.296 35.814
2.5210e+07 48.198 -3.615 41.199 39.840 28.290 35.806
2.5310e+07 48.187 -3.624 41.197 39.839 28.371 35.927
2.5410e+07 48.187 -3.623 41.196 39.838 28.453 36.042
2.5510e+07 48.180 -3.628 41.194 39.837 28.445 36.032
2.5610e+07 48.171 -3.636 41.192 39.836 28.478 36.075
2.5710e+07 48.163 -3.642 41.191 39.835 28.477 36.075
2.5810e+07 48.158 -3.645 41.189 39.834 28.479 36.078
2.5910e+07 48.149 -3.653 41.187 39.833 28.482 36.083
2.6010e+07 48.145 -3.655 41.185 39.832 28.476 36.076
2.6110e+07 48.137 -3.662 41.184 39.831 28.468 36.066
2.6210e+07 48.132 -3.665 41.182 39.830 28.470 36.068
2.6310e+07 48.122 -3.673 41.180 39.828 28.472 36.073
2.6410e+07 48.114 -3.680 41.179 39.827 28.467 36.066
2.6510e+07 48.108 -3.684 41.177 39.827 28.466 36.065
2.6610e+07 48.102 -3.688 41.175 39.825 28.458 36.057
2.6710e+07 48.091 -3.698 41.174 39.824 28.459 36.057
2.6810e+07 48.086 -3.701 41.172 39.823 28.455 36.051
2.6910e+07 48.079 -3.707 41.171 39.822 28.456 36.053
2.7010e+07 48.072 -3.713 41.169 39.821 28.452 36.046
2.7110e+07 48.062 -3.721 41.168 39.820 28.448 36.041
2.7210e+07 48.057 -3.724 41.166 39.819 28.443 36.034
2.7310e+07 48.048 -3.732 41.164 39.818 28.439 36.030
2.7410e+07 48.045 -3.734 41.163 39.817 28.438 36.027
2.7510e+07 48.034 -3.742 41.161 39.816 28.432 36.020
2.7610e+07 48.027 -3.748 41.159 39.815 28.432 36.020
2.7710e+07 48.018 -3.755 41.158 39.814 28.428 36.015
2.7810e+07 48.013 -3.758 41.156 39.813 28.425 36.012
2.7910e+07 48.004 -3.766 41.154 39.812 28.422 36.008
2.8010e+07 47.996 -3.772 41.152 39.811 28.417 36.002
2.8110e+07 47.992 -3.776 41.151 39.810 28.416 36.000
2.8210e+07 47.987 -3.779 41.150 39.809 28.410 35.993
2.8310e+07 47.979 -3.785 41.148 39.808 28.404 35.986
2.8410e+07 47.974 -3.789 41.147 39.807 28.401 35.982
2.8510e+07 47.970 -3.791 41.145 39.806 28.395 35.974
2.8610e+07 47.966 -3.794 41.144 39.805 28.392 35.971
2.8710e+07 47.957 -3.801 41.142 39.804 28.389 35.968
2.8810e+07 47.949 -3.808 41.140 39.803 28.384 35.961
2.8910e+07 47.940 -3.815 41.138 39.803 28.379 35.954
2.9010e+07 47.934 -3.819 41.136 39.801 28.372 35.947
2.9110e+07 47.928 -3.824 41.135 39.800 28.369 35.942
2.9210e+07 47.921 -3.829 41.134 39.800 28.363 35.935
2.9310e+07 47.915 -3.833 41.132 39.799 28.360 35.931
2.9410e+07 47.913 -3.834 41.131 39.797 28.357 35.929
2.9510e+07 47.903 -3.843 41.129 39.797 28.352 35.923
2.9610e+07 47.895 -3.849 41.127 39.796 28.348 35.919
2.9710e+07 47.890 -3.852 41.126 39.795 28.345 35.915
2.9810e+07 47.884 -3.858 41.125 39.794 28.342 35.912
2.9910e+07 47.876 -3.864 41.123 39.793 28.343 35.913
3.0010e+07 47.877 -3.862 41.122 39.792 28.339 35.909
3.0110e+07 47.865 -3.872 41.120 39.791 28.337 35.908
3.0210e+07 47.855 -3.881 41.118 39.790 28.336 35.905
3.0310e+07 47.849 -3.885 41.117 39.789 28.334 35.902
3.0410e+07 47.839 -3.894 41.116 39.803 28.332 35.899
3.0510e+07 47.839 -3.892 41.114 39.810 28.330 35.898
3.0610e+07 47.834 -3.896 41.112 39.810 28.327 35.893
3.0710e+07 47.831 -3.898 41.111 39.809 28.326 35.893
3.0810e+07 47.815 -3.911 41.109 39.809 28.322 35.888
3.0910e+07 47.808 -3.917 41.107 39.808 28.321 35.886
3.1010e+07 47.801 -3.922 41.106 39.807 28.317 35.881
3.1110e+07 47.795 -3.927 41.104 39.807 28.316 35.879
3.1210e+07 47.783 -3.938 41.103 39.806 28.313 35.877
3.1310e+07 47.783 -3.936 41.101 39.805 28.312 35.875
3.1410e+07 47.775 -3.942 41.099 39.805 28.308 35.871
3.1510e+07 47.766 -3.950 41.098 39.804 28.306 35.867
3.1610e+07 47.755 -3.959 41.096 39.804 28.304 35.866
3.1710e+07 47.754 -3.959 41.094 39.803 28.300 35.861
3.1810e+07 47.748 -3.963 41.093 39.802 28.299 35.860
3.1910e+07 47.740 -3.969 41.091 39.802 28.296 35.856
3.2010e+07 47.736 -3.972 41.090 39.801 28.295 35.854
3.2110e+07 47.729 -3.977 41.088 39.801 28.294 35.854
3.2210e+07 47.716 -3.989 41.087 39.800 28.291 35.850
3.2310e+07 47.714 -3.989 41.085 39.799 28.287 35.846
3.2410e+07 47.706 -3.996 41.083 39.799 28.285 35.844
3.2510e+07 47.698 -4.002 41.082 39.798 28.284 35.843
3.2610e+07 47.696 -4.003 41.081 39.798 28.283 35.842
3.2710e+07 47.692 -4.005 41.079 39.797 28.281 35.840
3.2810e+07 47.681 -4.015 41.077 39.797 28.279 35.837
3.2910e+07 47.672 -4.022 41.076 39.796 28.276 35.835
3.3010e+07 47.661 -4.032 41.074 39.795 28.276 35.834
3.3110e+07 47.661 -4.030 41.073 39.794 28.272 35.829
3.3210e+07 47.658 -4.032 41.072 39.794 28.271 35.828
3.3310e+07 47.652 -4.037 41.070 39.794 28.267 35.824
3.3410e+07 47.648 -4.039 41.069 39.793 28.267 35.824
3.3510e+07 47.644 -4.042 41.068 39.792 28.265 35.821
3.3610e+07 47.638 -4.046 41.066 39.792 28.263 35.819
3.3710e+07 47.631 -4.052 41.064 39.791 28.263 35.819
3.3810e+07 47.623 -4.059 41.063 39.791 28.260 35.817
3.3910e+07 47.619 -4.061 41.061 39.790 28.258 35.814
3.4010e+07 47.610 -4.069 41.060 39.789 28.256 35.812
3.4110e+07 47.605 -4.073 41.058 39.789 28.256 35.812
3.4210e+07 47.602 -4.074 41.057 39.788 28.252 35.808
3.4310e+07 47.594 -4.081 41.056 39.788 28.251 35.806
3.4410e+07 47.585 -4.088 41.054 39.787 28.250 35.805
3.4510e+07 47.583 -4.089 41.053 39.787 28.247 35.801
3.4610e+07 47.577 -4.093 41.051 39.786 28.244 35.798
3.4710e+07 47.577 -4.092 41.050 39.785 28.242 35.795
3.4810e+07 47.565 -4.102 41.048 39.785 28.242 35.796
3.4910e+07 47.557 -4.109 41.047 39.784 28.238 35.792
3.5010e+07 47.554 -4.111 41.046 39.784 28.237 35.791
3.5110e+07 47.551 -4.112 41.044 39.783 28.237 35.791
3.5210e+07 47.542 -4.120 41.043 39.783 28.233 35.787
3.5310e+07 47.536 -4.125 41.041 39.782 28.232 35.786
3.5410e+07 47.536 -4.124 41.040 39.782 28.230 35.784
3.5510e+07 47.520 -4.138 41.038 39.781 28.229 35.782
3.5610e+07 47.515 -4.141 41.037 39.780 28.228 35.781
3.5710e+07 47.515 -4.140 41.036 39.780 28.225 35.777
3.5810e+07 47.502 -4.152 41.034 39.779 28.222 35.773
3.5910e+07 47.500 -4.153 41.033 39.779 28.222 35.775
3.6010e+07 47.488 -4.163 41.031 39.779 28.222 35.776
3.6110e+07 47.486 -4.164 41.030 39.778 28.215 35.767
3.6210e+07 47.484 -4.164 41.029 39.777 28.214 35.765
3.6310e+07 47.480 -4.167 41.028 39.777 28.213 35.764
3.6410e+07 47.466 -4.180 41.026 39.776 28.213 35.765
3.6510e+07 47.460 -4.185 41.024 39.776 28.211 35.762
3.6610e+07 47.454 -4.189 41.023 39.775 28.210 35.762
3.6710e+07 47.446 -4.196 41.022 39.775 28.210 35.763
3.6810e+07 47.433 -4.208 41.020 39.774 28.204 35.755
3.6910e+07 47.435 -4.204 41.019 39.774 28.205 35.757
3.7010e+07 47.431 -4.207 41.018 39.773 28.204 35.756
3.7110e+07 47.421 -4.216 41.017 39.772 28.200 35.751
3.7210e+07 47.419 -4.216 41.015 39.772 28.199 35.750
3.7310e+07 47.412 -4.222 41.014 39.772 28.202 35.754
3.7410e+07 47.399 -4.234 41.012 39.771 28.201 35.754
3.7510e+07 47.397 -4.235 41.011 39.771 28.192 35.742
3.7610e+07 47.391 -4.239 41.010 39.770 28.195 35.747
3.7710e+07 47.382 -4.247 41.008 39.769 28.190 35.741
3.7810e+07 47.377 -4.251 41.007 39.769 28.190 35.740
3.7910e+07 47.367 -4.260 41.006 39.768 28.189 35.740
3.8010e+07 47.366 -4.259 41.004 39.768 28.185 35.735
3.8110e+07 47.357 -4.267 41.003 39.767 28.188 35.739
3.8210e+07 47.353 -4.269 41.002 39.566 28.181 35.730
3.8310e+07 47.345 -4.276 41.000 35.733 28.182 35.733
3.8410e+07 47.340 -4.279 40.999 35.734 28.183 35.734
3.8510e+07 47.328 -4.291 40.998 35.732 28.181 35.732
3.8610e+07 47.326 -4.291 40.997 35.724 28.175 35.724
3.8710e+07 47.320 -4.296 40.995 35.726 28.176 35.726
3.8810e+07 47.312 -4.302 40.994 35.729 28.177 35.729
3.8910e+07 47.306 -4.307 40.993 35.727 28.176 35.727
3.9010e+07 47.301 -4.312 40.992 35.728 28.176 35.728
3.9110e+07 47.297 -4.314 40.990 35.727 28.175 35.727
3.9210e+07 47.287 -4.322 40.989 35.718 28.169 35.718
3.9310e+07 47.281 -4.328 40.987 35.715 28.165 35.715
3.9410e+07 47.283 -4.324 40.986 35.719 28.168 35.719
3.9510e+07 47.276 -4.331 40.985 35.716 28.166 35.716
3.9610e+07 47.271 -4.334 40.984 35.718 28.167 35.718
3.9710e+07 47.266 -4.339 40.983 35.711 28.161 35.711
3.9810e+07 47.268 -4.335 40.982 35.712 28.162 35.712
3.9910e+07 47.262 -4.340 40.981 35.712 28.161 35.712
4.0010e+07 47.255 -4.346 40.980 35.707 28.157 35.707
4.0110e+07 47.251 -4.349 40.978 35.707 28.157 35.707
4.0210e+07 47.251 -4.348 40.977 35.704 28.154 35.704
4.0310e+07 47.238 -4.359 40.976 35.705 28.155 35.705
4.0410e+07 47.228 -4.368 40.974 35.704 28.153 35.704
4.0510e+07 47.225 -4.369 40.973 35.704 28.153 35.704
4.0610e+07 47.221 -4.372 40.972 35.704 28.152 35.704
4.0710e+07 47.212 -4.380 40.970 35.693 28.144 35.693
4.0810e+07 47.209 -4.382 40.969 35.690 28.143 35.690
4.0910e+07 47.203 -4.387 40.968 35.700 28.148 35.700
4.1010e+07 47.196 -4.393 40.967 35.698 28.147 35.698
4.1110e+07 47.199 -4.388 40.966 35.689 28.141 35.689
4.1210e+07 47.188 -4.398 40.964 35.690 28.140 35.690
4.1310e+07 47.180 -4.405 40.963 35.685 28.136 35.685
4.1410e+07 47.187 -4.397 40.962 35.685 28.136 35.685
4.1510e+07 47.175 -4.408 40.961 35.688 28.138 35.688
4.1610e+07 47.168 -4.413 40.959 35.684 28.134 35.684
4.1710e+07 47.159 -4.421 40.958 35.684 28.134 35.684
4.1810e+07 47.156 -4.423 40.957 35.680 28.131 35.680
4.1910e+07 47.157 -4.420 40.956 35.680 28.131 35.680
4.2010e+07 47.157 -4.419 40.955 35.680 28.130 35.680
4.2110e+07 47.139 -4.436 40.954 35.675 28.126 35.675
4.2210e+07 47.134 -4.440 40.952 35.672 28.124 35.672
4.2310e+07 47.122 -4.451 40.951 35.673 28.124 35.673
4.2410e+07 47.120 -4.452 40.950 35.671 28.122 35.671
4.2510e+07 47.118 -4.452 40.949 35.673 28.123 35.673
4.2610e+07 47.111 -4.459 40.948 35.670 28.121 35.670
4.2710e+07 47.105 -4.463 40.946 35.670 28.120 35.670
4.2810e+07 47.100 -4.467 40.945 35.667 28.117 35.667
4.2910e+07 47.094 -4.471 40.944 35.667 28.117 35.667
4.3010e+07 47.089 -4.476 40.943 35.667 28.116 35.667
4.3110e+07 47.088 -4.476 40.942 35.667 28.116 35.667
4.3210e+07 47.078 -4.485 40.940 35.662 28.112 35.662
4.3310e+07 47.074 -4.488 40.939 35.662 28.111 35.662
4.3410e+07 47.077 -4.484 40.938 35.657 28.106 35.657
4.3510e+07 47.060 -4.499 40.937 35.661 28.108 35.661
4.3610e+07 47.058 -4.500 40.936 35.657 28.105 35.657
4.3710e+07 47.061 -4.495 40.935 35.649 28.099 35.649
4.3810e+07 47.054 -4.501 40.934 35.654 28.102 35.654
4.3910e+07 47.053 -4.501 40.932 35.658 28.104 35.658
4.4010e+07 47.034 -4.520 40.931 35.656 28.102 35.656
4.4110e+07 47.030 -4.522 40.930 35.649 28.097 35.649
4.4210e+07 47.025 -4.526 40.929 35.651 28.097 35.651
4.4310e+07 47.016 -4.534 40.928 35.656 28.100 35.656
4.4410e+07 47.013 -4.535 40.926 35.655 28.099 35.655
4.4510e+07 47.007 -4.541 40.925 35.647 28.093 35.647
4.4610e+07 47.006 -4.541 40.924 35.645 28.091 35.645
4.4710e+07 46.998 -4.547 40.923 35.639 28.086 35.639
4.4810e+07 46.993 -4.551 40.922 35.656 28.097 35.656
4.4910e+07 46.986 -4.557 40.921 35.654 28.095 35.654
4.5010e+07 46.972 -4.570 40.919 35.650 28.092 35.650
4.5110e+07 46.968 -4.573 40.918 35.644 28.087 35.644
4.5210e+07 46.963 -4.577 40.917 35.634 28.080 35.634
4.5310e+07 46.962 -4.577 40.916 35.637 28.082 35.637
4.5410e+07 46.957 -4.580 40.915 35.635 28.079 35.635
4.5510e+07 46.953 -4.584 40.914 35.645 28.086 35.645
4.5610e+07 46.948 -4.588 40.913 35.646 28.086 35.646
4.5710e+07 46.942 -4.592 40.911 35.633 28.077 35.633
4.5810e+07 46.929 -4.604 40.910 35.633 28.076 35.633
4.5910e+07 46.928 -4.605 40.909 35.636 28.078 35.636
4.6010e+07 46.922 -4.610 40.908 35.640 28.080 35.640
4.6110e+07 46.915 -4.615 40.907 35.640 28.080 35.640
4.6210e+07 46.913 -4.616 40.906 35.633 28.075 35.633
4.6310e+07 46.906 -4.621 40.905 35.641 28.080 35.641
4.6410e+07 46.902 -4.624 40.904 35.631 28.072 35.631
4.6510e+07 46.901 -4.625 40.903 35.637 28.075 35.637
4.6610e+07 46.892 -4.633 40.902 35.637 28.076 35.637
4.6710e+07 46.881 -4.643 40.901 35.638 28.075 35.638
4.6810e+07 46.878 -4.645 40.899 35.638 28.075 35.638
4.6910e+07 46.874 -4.648 40.898 35.627 28.067 35.627
4.7010e+07 46.863 -4.657 40.897 35.631 28.069 35.631
4.7110e+07 46.861 -4.659 40.896 35.633 28.070 35.633
4.7210e+07 46.848 -4.670 40.895 35.632 28.069 35.632
4.7310e+07 46.844 -4.673 40.894 35.630 28.068 35.630
4.7410e+07 46.843 -4.674 40.893 35.619 28.059 35.619
4.7510e+07 46.833 -4.682 40.891 35.613 28.054 35.613
4.7610e+07 46.830 -4.684 40.891 35.632 28.067 35.632
4.7710e+07 46.821 -4.692 40.889 35.626 28.063 35.626
4.7810e+07 46.810 -4.702 40.888 35.614 28.054 35.614
4.7910e+07 46.815 -4.695 40.887 35.621 28.058 35.621
4.8010e+07 46.812 -4.697 40.886 35.623 28.059 35.623
4.8110e+07 46.808 -4.700 40.885 35.615 28.053 35.615
4.8210e+07 46.820 -4.688 40.884 35.616 28.053 35.616
4.8310e+07 46.799 -4.708 40.883 35.602 28.043 35.602
4.8410e+07 46.798 -4.708 40.882 35.606 28.046 35.606
4.8510e+07 46.792 -4.713 40.881 35.594 28.037 35.594
4.8610e+07 46.790 -4.714 40.880 35.594 28.036 35.594
4.8710e+07 46.787 -4.716 40.879 35.593 28.036 35.593
4.8810e+07 46.783 -4.718 40.878 35.593 28.035 35.593
4.8910e+07 46.779 -4.722 40.877 35.583 28.028 35.583
4.9010e+07 46.776 -4.724 40.876 35.585 28.029 35.585
4.9110e+07 46.785 -4.714 40.876 35.586 28.029 35.586
4.9210e+07 46.767 -4.731 40.874 35.566 28.015 35.566
4.9310e+07 46.762 -4.735 40.873 35.563 28.012 35.563
4.9410e+07 46.758 -4.738 40.872 35.564 28.013 35.564
4.9510e+07 46.747 -4.747 40.870 35.575 28.019 35.575
4.9610e+07 46.746 -4.747 40.869 35.562 28.010 35.562
4.9710e+07 46.742 -4.750 40.868 35.561 28.009 35.561
4.9810e+07 46.749 -4.742 40.867 35.560 28.007 35.560
4.9910e+07 46.744 -4.746 40.866 35.559 28.005 35.559
5.0010e+07 46.731 -4.757 40.865 35.550 27.998 35.550
5.0110e+07 46.729 -4.758 40.864 35.549 27.997 35.549
5.0210e+07 46.729 -4.757 40.863 35.543 27.992 35.543
5.0310e+07 46.722 -4.763 40.862 35.542 27.992 35.542
5.0410e+07 46.720 -4.765 40.861 35.549 27.996 35.549
5.0510e+07 46.711 -4.773 40.860 35.536 27.987 35.536
5.0610e+07 46.705 -4.778 40.859 35.535 27.985 35.535
5.0710e+07 46.700 -4.782 40.858 35.535 27.985 35.535
5.0810e+07 46.697 -4.783 40.857 35.533 27.983 35.533
5.0910e+07 46.690 -4.790 40.856 35.522 27.975 35.522
5.1010e+07 46.681 -4.798 40.855 35.516 27.970 35.516
5.1110e+07 46.681 -4.797 40.854 35.531 27.980 35.531
5.1210e+07 46.677 -4.800 40.853 35.514 27.968 35.514
5.1310e+07 46.668 -4.808 40.852 35.516 27.969 35.516
5.1410e+07 46.666 -4.809 40.851 35.515 27.968 35.515
5.1510e+07 46.680 -4.794 40.850 35.514 27.967 35.514
5.1610e+07 46.660 -4.813 40.849 35.509 27.963 35.509
5.1710e+07 46.651 -4.821 40.848 35.497 27.954 35.497
5.1810e+07 46.651 -4.821 40.847 35.495 27.952 35.495
5.1910e+07 46.647 -4.823 40.846 35.494 27.951 35.494
5.2010e+07 46.640 -4.829 40.845 35.489 27.947 35.489
5.2110e+07 46.632 -4.837 40.844 35.488 27.946 35.488
5.2210e+07 46.642 -4.825 40.843 35.481 27.941 35.481
5.2310e+07 46.629 -4.838 40.843 35.472 27.935 35.472
5.2410e+07 46.625 -4.841 40.841 35.480 27.939 35.480
5.2510e+07 46.615 -4.850 40.840 35.484 27.942 35.484
5.2610e+07 46.614 -4.849 40.839 35.469 27.931 35.469
5.2710e+07 46.615 -4.847 40.838 35.453 27.920 35.453
5.2810e+07 46.605 -4.857 40.837 35.467 27.929 35.467
5.2910e+07 46.621 -4.839 40.837 35.465 27.927 35.465
5.3010e+07 46.594 -4.866 40.836 35.466 27.927 35.466
5.3110e+07 46.587 -4.872 40.835 35.447 27.914 35.447
5.3210e+07 46.584 -4.874 40.834 35.450 27.915 35.450
5.3310e+07 46.579 -4.878 40.833 35.463 27.924 35.463
5.3410e+07 46.573 -4.883 40.832 35.440 27.908 35.440
5.3510e+07 46.583 -4.872 40.831 35.443 27.910 35.443
5.3610e+07 46.563 -4.892 40.830 35.438 27.906 35.438
5.3710e+07 46.556 -4.898 40.829 35.441 27.907 35.441
5.3810e+07 46.566 -4.887 40.828 35.441 27.906 35.441
5.3910e+07 46.575 -4.877 40.827 35.440 27.905 35.440
5.4010e+07 46.568 -4.883 40.827 35.432 27.900 35.432
5.4110e+07 46.541 -4.909 40.826 35.425 27.895 35.425
5.4210e+07 46.563 -4.886 40.825 35.422 27.892 35.422
5.4310e+07 46.559 -4.890 40.824 35.421 27.891 35.421
5.4410e+07 46.523 -4.925 40.823 35.420 27.890 35.420
5.4510e+07 46.520 -4.927 40.822 35.419 27.889 35.419
5.4610e+07 46.512 -4.934 40.821 35.418 27.888 35.418
5.4710e+07 46.512 -4.933 40.820 35.417 27.886 35.417
5.4810e+07 46.508 -4.936 40.819 35.397 27.873 35.397
5.4910e+07 46.503 -4.940 40.818 35.396 27.872 35.396
5.5010e+07 46.499 -4.944 40.817 35.405 27.877 35.405
5.5110e+07 46.495 -4.946 40.817 35.394 27.869 35.394
5.5210e+07 46.489 -4.951 40.816 35.393 27.869 35.393
5.5310e+07 46.484 -4.955 40.815 35.392 27.867 35.392
5.5410e+07 46.481 -4.958 40.814 35.391 27.866 35.391
5.5510e+07 46.472 -4.966 40.813 35.391 27.865 35.391
5.5610e+07 46.467 -4.970 40.812 35.386 27.862 35.386
5.5710e+07 46.458 -4.978 40.811 35.389 27.863 35.389
5.5810e+07 46.458 -4.978 40.810 35.384 27.859 35.384
5.5910e+07 46.453 -4.982 40.810 35.387 27.861 35.387
5.6010e+07 46.448 -4.986 40.809 35.375 27.853 35.375
5.6110e+07 46.445 -4.989 40.808 35.369 27.849 35.369
5.6210e+07 46.437 -4.995 40.807 35.363 27.844 35.363
5.6310e+07 46.431 -5.001 40.806 35.362 27.843 35.362
5.6410e+07 46.435 -4.995 40.805 35.359 27.840 35.359
5.6510e+07 46.423 -5.006 40.804 35.344 27.831 35.344
5.6610e+07 46.419 -5.009 40.803 35.344 27.830 35.344
5.6710e+07 46.413 -5.014 40.802 35.339 27.827 35.339
5.6810e+07 46.408 -5.019 40.802 35.342 27.828 35.342
5.6910e+07 46.406 -5.020 40.801 35.341 27.827 35.341
5.7010e+07 46.402 -5.023 40.800 35.332 27.821 35.332
5.7110e+07 46.398 -5.026 40.799 35.332 27.820 35.332
5.7210e+07 46.395 -5.028 40.799 35.331 27.819 35.331
5.7310e+07 46.388 -5.035 40.798 35.338 27.823 35.338
5.7410e+07 46.375 -5.047 40.796 35.314 27.807 35.314
5.7510e+07 46.375 -5.046 40.796 35.332 27.818 35.332
5.7610e+07 46.369 -5.051 40.795 35.335 27.819 35.335
5.7710e+07 46.365 -5.054 40.794 35.334 27.818 35.334
5.7810e+07 46.361 -5.057 40.793 35.316 27.806 35.316
5.7910e+07 46.355 -5.062 40.792 35.315 27.805 35.315
5.8010e+07 46.351 -5.066 40.791 35.309 27.801 35.309
5.8110e+07 46.343 -5.073 40.791 35.314 27.803 35.314
5.8210e+07 46.340 -5.075 40.790 35.316 27.805 35.316
5.8310e+07 46.331 -5.083 40.789 35.312 27.801 35.312
5.8410e+07 46.327 -5.087 40.788 35.303 27.795 35.303
5.8510e+07 46.328 -5.085 40.788 35.310 27.799 35.310
5.8610e+07 46.318 -5.094 40.786 35.292 27.787 35.292
5.8710e+07 46.315 -5.096 40.786 35.291 27.786 35.291
5.8810e+07 46.311 -5.099 40.785 35.276 27.776 35.276
5.8910e+07 46.301 -5.108 40.784 35.268 27.771 35.268
5.9010e+07 46.304 -5.105 40.783 35.263 27.768 35.263
5.9110e+07 46.296 -5.112 40.782 35.263 27.767 35.263
5.9210e+07 46.293 -5.115 40.781 35.262 27.766 35.262
5.9310e+07 46.288 -5.119 40.781 35.261 27.765 35.261
5.9410e+07 46.297 -5.109 40.780 35.260 27.764 35.260
5.9510e+07 46.288 -5.117 40.779 35.261 27.764 35.261
5.9610e+07 46.271 -5.133 40.778 35.260 27.763 35.260
5.9710e+07 46.261 -5.142 40.777 35.259 27.762 35.259
5.9810e+07 46.254 -5.149 40.777 35.238 27.748 35.238
5.9910e+07 46.251 -5.151 40.776 35.255 27.758 35.255
6.0010e+07 46.252 -5.150 40.775 35.236 27.746 35.236
6.0110e+07 46.250 -5.151 40.775 35.235 27.745 35.235
6.0210e+07 46.243 -5.157 40.773 35.234 27.744 35.234
6.0310e+07 46.236 -5.163 40.773 35.234 27.743 35.234
6.0410e+07 46.235 -5.163 40.772 35.233 27.742 35.233
6.0510e+07 46.233 -5.165 40.771 35.232 27.741 35.232
6.0610e+07 46.228 -5.169 40.771 35.224 27.736 35.224
6.0710e+07 46.225 -5.171 40.770 35.203 27.723 35.203
6.0810e+07 46.229 -5.167 40.769 35.186 27.712 35.186
6.0910e+07 46.224 -5.171 40.769 35.185 27.712 35.185
6.1010e+07 46.220 -5.174 40.768 35.201 27.720 35.201
6.1110e+07 46.217 -5.176 40.767 35.200 27.719 35.200
6.1210e+07 46.215 -5.178 40.766 35.183 27.708 35.183
6.1310e+07 46.212 -5.180 40.766 35.182 27.708 35.182
6.1410e+07 46.208 -5.183 40.765 35.176 27.703 35.176
6.1510e+07 46.206 -5.184 40.764 35.175 27.702 35.175
6.1610e+07 46.202 -5.188 40.764 35.171 27.699 35.171
6.1710e+07 46.198 -5.191 40.763 35.170 27.698 35.170
6.1810e+07 46.191 -5.197 40.762 35.160 27.692 35.160
6.1910e+07 46.190 -5.197 40.761 35.159 27.691 35.159
6.2010e+07 46.208 -5.179 40.761 35.153 27.687 35.153
6.2110e+07 46.181 -5.204 40.759 35.156 27.688 35.156
6.2210e+07 46.173 -5.212 40.758 35.157 27.688 35.157
6.2310e+07 46.177 -5.207 40.758 35.155 27.686 35.155
6.2410e+07 46.169 -5.214 40.757 35.112 27.662 35.112
6.2510e+07 46.168 -5.214 40.756 35.150 27.682 35.150
6.2610e+07 46.162 -5.219 40.755 35.139 27.676 35.139
6.2710e+07 46.162 -5.219 40.754 35.114 27.661 35.114
6.2810e+07 46.157 -5.223 40.754 35.106 27.656 35.106
6.2910e+07 46.153 -5.227 40.753 35.068 27.635 35.068
6.3010e+07 46.152 -5.227 40.752 35.067 27.634 35.067
6.3110e+07 46.149 -5.229 40.752 35.066 27.633 35.066
6.3210e+07 46.163 -5.214 40.751 35.066 27.632 35.066
6.3310e+07 46.135 -5.242 40.750 35.065 27.631 35.065
6.3410e+07 46.144 -5.232 40.749 35.064 27.630 35.064
6.3510e+07 46.141 -5.234 40.749 35.088 27.643 35.088
6.3610e+07 46.137 -5.237 40.748 35.062 27.628 35.062
6.3710e+07 46.133 -5.240 40.747 35.062 27.627 35.062
6.3810e+07 46.129 -5.243 40.746 35.061 27.627 35.061
6.3910e+07 46.127 -5.245 40.746 35.082 27.637 35.082
6.4010e+07 46.111 -5.260 40.745 35.027 27.608 35.027
6.4110e+07 46.109 -5.262 40.744 35.027 27.607 35.027
6.4210e+07 46.115 -5.254 40.743 35.051 27.619 35.051
6.4310e+07 46.098 -5.272 40.743 35.025 27.605 35.025
6.4410e+07 46.124 -5.244 40.742 35.050 27.617 35.050
6.4510e+07 46.122 -5.245 40.741 35.012 27.597 35.012
6.4610e+07 46.091 -5.276 40.740 35.011 27.596 35.011
6.4710e+07 46.094 -5.272 40.740 35.010 27.595 35.010
6.4810e+07 46.088 -5.278 40.739 35.021 27.600 35.021
6.4910e+07 46.078 -5.286 40.738 34.976 27.577 34.976
6.5010e+07 46.073 -5.291 40.737 35.023 27.600 35.023
6.5110e+07 46.070 -5.293 40.737 34.974 27.575 34.974
6.5210e+07 46.067 -5.296 40.736 34.974 27.574 34.974
6.5310e+07 46.066 -5.296 40.735 34.991 27.581 34.991
6.5410e+07 46.060 -5.301 40.734 34.973 27.572 34.973
6.5510e+07 46.056 -5.305 40.734 34.972 27.571 34.972
6.5610e+07 46.077 -5.282 40.733 34.971 27.570 34.971
6.5710e+07 46.047 -5.312 40.732 34.970 27.569 34.970
6.5810e+07 46.045 -5.313 40.731 34.969 27.568 34.969
6.5910e+07 46.037 -5.321 40.731 34.969 27.567 34.969
6.6010e+07 46.031 -5.325 40.730 34.985 27.575 34.985
6.6110e+07 46.030 -5.326 40.729 34.939 27.552 34.939
6.6210e+07 46.027 -5.328 40.729 34.882 27.525 34.882
6.6310e+07 46.023 -5.331 40.728 34.882 27.524 34.882
6.6410e+07 46.016 -5.338 40.727 34.949 27.554 34.949
6.6510e+07 46.017 -5.336 40.726 34.837 27.503 34.837
6.6610e+07 46.013 -5.339 40.726 34.918 27.538 34.918
6.6710e+07 46.006 -5.346 40.725 34.836 27.501 34.836
6.6810e+07 46.032 -5.319 40.725 34.878 27.519 34.878
6.6910e+07 46.002 -5.349 40.724 34.874 27.516 34.874
6.7010e+07 46.025 -5.325 40.723 34.877 27.517 34.877
6.7110e+07 46.016 -5.334 40.723 34.876 27.516 34.876
6.7210e+07 46.012 -5.336 40.722 34.875 27.515 34.875
6.7310e+07 46.002 -5.346 40.721 34.831 27.495 34.831
6.7410e+07 46.002 -5.345 40.720 34.784 27.475 34.784
6.7510e+07 45.996 -5.350 40.720 34.830 27.493 34.830
6.7610e+07 45.972 -5.374 40.719 34.829 27.492 34.829
6.7710e+07 45.998 -5.347 40.718 34.779 27.471 34.779
6.7810e+07 45.993 -5.351 40.718 34.781 27.471 34.781
6.7910e+07 45.965 -5.378 40.717 34.777 27.469 34.777
6.8010e+07 45.961 -5.382 40.716 34.827 27.488 34.827
6.8110e+07 45.954 -5.389 40.716 34.779 27.468 34.779
6.8210e+07 45.950 -5.392 40.715 34.713 27.442 34.713
6.8310e+07 45.945 -5.396 40.714 34.713 27.442 34.713
6.8410e+07 45.970 -5.371 40.714 34.774 27.464 34.774
6.8510e+07 45.966 -5.373 40.713 34.712 27.440 34.712
6.8610e+07 45.958 -5.381 40.712 34.711 27.439 34.711
6.8710e+07 45.951 -5.387 40.711 34.710 27.437 34.710
6.8810e+07 45.948 -5.389 40.710 34.710 27.437 34.710
6.8910e+07 45.947 -5.389 40.710 34.628 27.408 34.628
6.9010e+07 45.941 -5.395 40.709 34.627 27.407 34.627
6.9110e+07 45.941 -5.395 40.709 34.626 27.406 34.626
6.9210e+07 45.907 -5.428 40.708 34.629 27.406 34.629
6.9310e+07 45.903 -5.431 40.707 34.625 27.404 34.625
6.9410e+07 45.902 -5.432 40.707 34.522 27.372 34.522
6.9510e+07 45.896 -5.437 40.706 34.601 27.395 34.601
6.9610e+07 45.896 -5.437 40.705 34.601 27.394 34.601
6.9710e+07 45.891 -5.442 40.705 34.626 27.401 34.626
6.9810e+07 45.884 -5.448 40.704 34.622 27.399 34.622
6.9910e+07 45.889 -5.442 40.703 34.621 27.398 34.621
7.0010e+07 45.881 -5.449 40.703 34.620 27.397 34.620
7.0110e+07 45.882 -5.448 40.702 34.521 27.366 34.521
7.0210e+07 45.877 -5.452 40.701 34.619 27.394 34.619
7.0310e+07 45.871 -5.457 40.701 34.615 27.393 34.615
7.0410e+07 45.867 -5.460 40.700 34.515 27.362 34.515
7.0510e+07 45.856 -5.471 40.699 34.349 27.321 34.349
7.0610e+07 45.850 -5.476 40.698 34.511 27.359 34.511
7.0710e+07 45.850 -5.475 40.698 34.415 27.334 34.415
7.0810e+07 45.845 -5.480 40.697 34.347 27.318 34.347
7.0910e+07 45.842 -5.482 40.697 34.413 27.331 34.413
7.1010e+07 45.835 -5.489 40.696 34.251 27.298 34.251
7.1110e+07 45.831 -5.491 40.695 34.138 27.279 34.138
7.1210e+07 45.829 -5.493 40.695 34.047 27.266 34.047
7.1310e+07 45.823 -5.498 40.694 33.400 27.224 33.400
7.1410e+07 45.821 -5.500 40.693 33.398 27.222 33.398
7.1510e+07 45.817 -5.503 40.693 33.398 27.222 33.398
7.1610e+07 45.814 -5.506 40.692 33.396 27.220 33.396
7.1710e+07 45.801 -5.517 40.691 33.395 27.219 33.395
7.1810e+07 45.804 -5.514 40.690 33.393 27.217 33.393
7.1910e+07 45.797 -5.521 40.690 33.393 27.217 33.393
7.2010e+07 45.793 -5.524 40.689 33.392 27.215 33.392
7.2110e+07 45.785 -5.531 40.688 33.390 27.214 33.390
7.2210e+07 45.783 -5.533 40.688 33.389 27.213 33.389
7.2310e+07 45.782 -5.533 40.687 33.388 27.212 33.388
7.2410e+07 45.782 -5.533 40.687 33.387 27.211 33.387
7.2510e+07 45.773 -5.541 40.686 33.386 27.210 33.386
7.2610e+07 45.772 -5.542 40.686 33.385 27.208 33.385
7.2710e+07 45.767 -5.546 40.685 33.383 27.207 33.383
7.2810e+07 45.760 -5.552 40.684 33.382 27.206 33.382
7.2910e+07 45.757 -5.554 40.683 33.381 27.205 33.381
7.3010e+07 45.744 -5.566 40.682 33.380 27.204 33.380
7.3110e+07 45.741 -5.569 40.682 33.379 27.202 33.379
7.3210e+07 45.737 -5.572 40.681 33.378 27.202 33.378
7.3310e+07 45.734 -5.575 40.681 33.376 27.200 33.376
7.3410e+07 45.728 -5.580 40.680 33.375 27.199 33.375
7.3510e+07 45.728 -5.580 40.680 33.374 27.198 33.374
7.3610e+07 45.729 -5.578 40.679 33.374 27.197 33.374
7.3710e+07 45.720 -5.586 40.678 33.372 27.196 33.372
7.3810e+07 45.713 -5.593 40.678 33.371 27.195 33.371
7.3910e+07 45.714 -5.592 40.677 33.370 27.194 33.370
7.4010e+07 45.714 -5.591 40.677 33.369 27.193 33.369
7.4110e+07 45.705 -5.599 40.676 33.367 27.191 33.367
7.4210e+07 45.701 -5.603 40.675 33.366 27.190 33.366
7.4310e+07 45.692 -5.611 40.675 33.365 27.189 33.365
7.4410e+07 45.690 -5.612 40.674 33.364 27.188 33.364
7.4510e+07 45.686 -5.615 40.673 33.363 27.187 33.363
7.4610e+07 45.682 -5.619 40.673 33.362 27.186 33.362
7.4710e+07 45.671 -5.629 40.672 33.361 27.185 33.361
7.4810e+07 45.681 -5.619 40.672 33.360 27.184 33.360
7.4910e+07 45.675 -5.624 40.671 33.358 27.182 33.358
7.5010e+07 45.660 -5.639 40.670 33.358 27.181 33.358
7.5110e+07 45.656 -5.642 40.670 33.356 27.180 33.356
7.5210e+07 45.649 -5.648 40.669 33.355 27.179 33.355
7.5310e+07 45.650 -5.647 40.668 33.354 27.178 33.354
7.5410e+07 45.646 -5.650 40.668 33.353 27.177 33.353
7.5510e+07 45.634 -5.661 40.667 33.352 27.176 33.352
7.5610e+07 45.634 -5.661 40.667 33.351 27.175 33.351
7.5710e+07 45.653 -5.642 40.666 33.350 27.174 33.350
7.5810e+07 45.632 -5.662 40.665 33.349 27.173 33.349
7.5910e+07 45.625 -5.668 40.664 33.348 27.171 33.348
7.6010e+07 45.619 -5.674 40.664 33.346 27.170 33.346
7.6110e+07 45.622 -5.670 40.663 33.345 27.169 33.345
7.6210e+07 45.611 -5.681 40.663 33.344 27.168 33.344
7.6310e+07 45.606 -5.685 40.662 33.343 27.167 33.343
7.6410e+07 45.606 -5.685 40.662 33.342 27.166 33.342
7.6510e+07 45.597 -5.693 40.661 33.341 27.165 33.341
7.6610e+07 45.609 -5.680 40.661 33.340 27.164 33.340
7.6710e+07 45.603 -5.685 40.660 33.339 27.163 33.339
7.6810e+07 45.592 -5.696 40.660 33.338 27.161 33.338
7.6910e+07 45.592 -5.696 40.659 33.337 27.161 33.337
7.7010e+07 45.589 -5.699 40.658 33.336 27.160 33.336
7.7110e+07 45.616 -5.671 40.658 33.335 27.159 33.335
7.7210e+07 45.603 -5.683 40.658 33.334 27.158 33.334
7.7310e+07 45.581 -5.705 40.657 33.333 27.157 33.333
7.7410e+07 45.587 -5.698 40.657 33.332 27.156 33.332
7.7510e+07 45.574 -5.711 40.656 33.331 27.154 33.331
7.7610e+07 45.577 -5.708 40.655 33.330 27.153 33.330
7.7710e+07 45.576 -5.708 40.655 33.329 27.153 33.329
7.7810e+07 45.568 -5.716 40.654 33.327 27.151 33.327
7.7910e+07 45.580 -5.703 40.654 33.326 27.150 33.326
7.8010e+07 45.566 -5.716 40.653 33.325 27.149 33.325
7.8110e+07 45.564 -5.717 40.653 33.324 27.148 33.324
7.8210e+07 45.557 -5.723 40.652 33.324 27.147 33.324
7.8310e+07 45.564 -5.716 40.651 33.322 27.146 33.322
7.8410e+07 45.550 -5.730 40.651 33.322 27.145 33.322
7.8510e+07 45.555 -5.724 40.650 33.320 27.144 33.320
7.8610e+07 45.546 -5.733 40.650 33.319 27.143 33.319
7.8710e+07 45.555 -5.723 40.649 33.318 27.142 33.318
7.8810e+07 45.541 -5.736 40.648 33.317 27.141 33.317
7.8910e+07 45.542 -5.735 40.648 33.316 27.140 33.316
7.9010e+07 45.541 -5.735 40.647 33.315 27.139 33.315
7.9110e+07 45.541 -5.734 40.646 33.314 27.138 33.314
7.9210e+07 45.553 -5.721 40.646 33.313 27.137 33.313
7.9310e+07 45.532 -5.742 40.645 33.312 27.136 33.312
7.9410e+07 45.518 -5.756 40.644 33.311 27.135 33.311
7.9510e+07 45.522 -5.751 40.644 33.310 27.134 33.310
7.9610e+07 45.514 -5.759 40.643 33.309 27.132 33.309
7.9710e+07 45.512 -5.760 40.643 33.308 27.132 33.308
7.9810e+07 45.515 -5.756 40.642 33.307 27.131 33.307
7.9910e+07 45.521 -5.750 40.642 33.306 27.130 33.306
8.0010e+07 45.505 -5.765 40.641 33.305 27.129 33.305
8.0110e+07 45.506 -5.764 40.641 33.304 27.128 33.304
8.0210e+07 45.524 -5.745 40.640 33.303 27.127 33.303
8.0310e+07 45.526 -5.742 40.640 33.302 27.126 33.302
8.0410e+07 45.519 -5.749 40.639 33.301 27.125 33.301
8.0510e+07 45.521 -5.746 40.639 33.300 27.124 33.300
8.0610e+07 45.492 -5.775 40.638 33.299 27.123 33.299
8.0710e+07 45.491 -5.775 40.637 33.298 27.122 33.298
8.0810e+07 45.482 -5.784 40.637 33.297 27.121 33.297
8.0910e+07 45.485 -5.780 40.636 33.296 27.120 33.296
8.1010e+07 45.482 -5.782 40.636 33.295 27.119 33.295
8.1110e+07 45.473 -5.791 40.635 33.294 27.118 33.294
8.1210e+07 45.478 -5.786 40.635 33.293 27.117 33.293
8.1310e+07 45.470 -5.793 40.634 33.292 27.115 33.292
8.1410e+07 45.470 -5.793 40.633 33.291 27.115 33.291
8.1510e+07 45.471 -5.791 40.633 33.290 27.114 33.290
8.1610e+07 45.462 -5.799 40.632 33.289 27.113 33.289
8.1710e+07 45.465 -5.795 40.632 33.288 27.112 33.288
8.1810e+07 45.506 -5.754 40.631 33.287 27.111 33.287
8.1910e+07 45.459 -5.801 40.631 33.286 27.110 33.286
8.2010e+07 45.451 -5.808 40.630 33.285 27.109 33.285
8.2110e+07 45.453 -5.806 40.630 33.284 27.108 33.284
8.2210e+07 45.468 -5.790 40.629 33.283 27.107 33.283
8.2310e+07 45.470 -5.788 40.629 33.282 27.106 33.282
8.2410e+07 45.462 -5.795 40.628 33.281 27.105 33.281
8.2510e+07 45.438 -5.818 40.627 33.280 27.104 33.280
8.2610e+07 45.436 -5.820 40.627 33.279 27.103 33.279
8.2710e+07 45.472 -5.784 40.627 33.279 27.103 33.279
8.2810e+07 45.469 -5.786 40.626 33.277 27.101 33.277
8.2910e+07 45.426 -5.829 40.625 33.277 27.100 33.277
8.3010e+07 45.418 -5.836 40.625 33.275 27.099 33.275
8.3110e+07 45.420 -5.834 40.624 33.275 27.099 33.275
8.3210e+07 45.417 -5.836 40.624 33.274 27.098 33.274
8.3310e+07 45.420 -5.832 40.623 33.272 27.096 33.272
8.3410e+07 45.415 -5.836 40.622 33.272 27.095 33.272
8.3510e+07 45.407 -5.844 40.622 33.271 27.095 33.271
8.3610e+07 45.410 -5.841 40.621 33.270 27.094 33.270
8.3710e+07 45.401 -5.849 40.621 33.269 27.093 33.269
8.3810e+07 45.405 -5.845 40.620 33.268 27.092 33.268
8.3910e+07 45.400 -5.849 40.620 33.267 27.091 33.267
8.4010e+07 45.400 -5.849 40.619 33.266 27.090 33.266
8.4110e+07 45.393 -5.855 40.619 33.265 27.089 33.265
8.4210e+07 45.390 -5.858 40.618 33.264 27.088 33.264
8.4310e+07 45.385 -5.862 40.618 33.263 27.087 33.263
8.4410e+07 45.424 -5.822 40.617 33.262 27.086 33.262
8.4510e+07 45.416 -5.829 40.617 33.261 27.085 33.261
8.4610e+07 45.371 -5.874 40.616 33.261 27.085 33.261
8.4710e+07 45.372 -5.873 40.615 33.260 27.084 33.260
8.4810e+07 45.363 -5.881 40.615 33.258 27.082 33.258
8.4910e+07 45.365 -5.878 40.614 33.258 27.082 33.258
8.5010e+07 45.356 -5.887 40.614 33.257 27.081 33.257
8.5110e+07 45.354 -5.889 40.613 33.256 27.080 33.256
8.5210e+07 45.348 -5.894 40.613 33.255 27.079 33.255
8.5310e+07 45.349 -5.892 40.612 33.254 27.078 33.254
8.5410e+07 45.344 -5.897 40.611 33.253 27.077 33.253
8.5510e+07 45.372 -5.868 40.611 33.252 27.076 33.252
8.5610e+07 45.373 -5.866 40.611 33.251 27.075 33.251
8.5710e+07 45.365 -5.874 40.610 33.250 27.074 33.250
8.5810e+07 45.368 -5.871 40.610 33.250 27.073 33.250
8.5910e+07 45.402 -5.836 40.609 33.248 27.072 33.248
8.6010e+07 45.403 -5.834 40.609 33.248 27.072 33.248
8.6110e+07 45.326 -5.911 40.608 33.247 27.071 33.247
8.6210e+07 45.319 -5.918 40.607 33.246 27.070 33.246
8.6310e+07 45.316 -5.920 40.607 33.245 27.069 33.245
8.6410e+07 45.313 -5.923 40.606 33.244 27.068 33.244
8.6510e+07 45.309 -5.926 40.606 33.243 27.067 33.243
8.6610e+07 45.306 -5.929 40.605 33.242 27.066 33.242
8.6710e+07 45.304 -5.930 40.605 33.241 27.065 33.241
8.6810e+07 45.300 -5.934 40.604 33.241 27.064 33.241
8.6910e+07 45.297 -5.936 40.604 33.239 27.063 33.239
8.7010e+07 45.337 -5.895 40.603 33.238 27.062 33.238
8.7110e+07 45.335 -5.897 40.603 33.238 27.062 33.238
8.7210e+07 45.370 -5.862 40.603 33.237 27.061 33.237
8.7310e+07 45.325 -5.906 40.602 33.236 27.060 33.236
8.7410e+07 45.323 -5.908 40.601 33.235 27.059 33.235
8.7510e+07 45.362 -5.867 40.601 33.234 27.058 33.234
8.7610e+07 45.316 -5.914 40.601 33.233 27.057 33.233
8.7710e+07 45.318 -5.911 40.600 33.232 27.056 33.232
8.7810e+07 45.313 -5.916 40.599 33.231 27.055 33.231
8.7910e+07 45.267 -5.962 40.599 33.230 27.054 33.230
8.8010e+07 45.262 -5.966 40.598 33.230 27.054 33.230
8.8110e+07 45.256 -5.972 40.598 33.229 27.053 33.229
8.8210e+07 45.252 -5.975 40.597 33.228 27.052 33.228
8.8310e+07 45.244 -5.982 40.597 33.227 27.051 33.227
8.8410e+07 45.247 -5.979 40.596 33.226 27.050 33.226
8.8510e+07 45.237 -5.988 40.596 33.225 27.049 33.225
8.8610e+07 45.239 -5.986 40.595 33.224 27.048 33.224
8.8710e+07 45.231 -5.993 40.595 33.224 27.048 33.224
8.8810e+07 45.232 -5.992 40.594 33.223 27.047 33.223
8.8910e+07 45.228 -5.996 40.593 33.222 27.046 33.222
8.9010e+07 45.220 -6.003 40.593 33.221 27.045 33.221
8.9110e+07 45.222 -6.001 40.593 33.220 27.044 33.220
8.9210e+07 45.218 -6.004 40.592 33.219 27.043 33.219
8.9310e+07 45.215 -6.006 40.592 33.218 27.042 33.218
8.9410e+07 45.207 -6.014 40.591 33.217 27.041 33.217
8.9510e+07 45.208 -6.012 40.591 33.216 27.040 33.216
8.9610e+07 45.203 -6.017 40.590 33.216 27.040 33.216
8.9710e+07 45.195 -6.024 40.589 33.215 27.039 33.215
8.9810e+07 45.196 -6.023 40.589 33.214 27.038 33.214
8.9910e+07 45.192 -6.027 40.588 33.213 27.037 33.213
9.0010e+07 45.189 -6.029 40.588 33.212 27.036 33.212
9.0110e+07 45.187 -6.031 40.587 33.212 27.035 33.212
9.0210e+07 45.182 -6.035 40.587 33.211 27.034 33.211
9.0310e+07 45.177 -6.040 40.586 33.210 27.034 33.210
9.0410e+07 45.174 -6.042 40.586 33.209 27.033 33.209
9.0510e+07 45.171 -6.045 40.585 33.208 27.032 33.208
9.0610e+07 45.168 -6.047 40.585 33.208 27.031 33.208
9.0710e+07 45.164 -6.051 40.585 33.207 27.031 33.207
9.0810e+07 45.160 -6.054 40.584 33.206 27.030 33.206
9.0910e+07 45.157 -6.057 40.584 33.205 27.029 33.205
9.1010e+07 45.147 -6.066 40.583 33.205 27.029 33.205
9.1110e+07 45.149 -6.064 40.583 33.204 27.028 33.204
9.1210e+07 45.141 -6.072 40.582 33.203 27.027 33.203
9.1310e+07 45.141 -6.071 40.582 33.203 27.027 33.203
9.1410e+07 45.140 -6.071 40.581 33.202 27.026 33.202
9.1510e+07 45.138 -6.073 40.581 33.201 27.025 33.201
9.1610e+07 45.133 -6.078 40.580 33.201 27.025 33.201
9.1710e+07 45.129 -6.080 40.580 33.200 27.024 33.200
9.1810e+07 45.122 -6.087 40.579 33.199 27.023 33.199
9.1910e+07 45.121 -6.088 40.579 33.199 27.023 33.199
9.2010e+07 45.117 -6.091 40.578 33.198 27.022 33.198
9.2110e+07 45.114 -6.094 40.578 33.197 27.021 33.197
9.2210e+07 45.107 -6.101 40.577 33.197 27.021 33.197
9.2310e+07 45.101 -6.106 40.577 33.196 27.020 33.196
9.2410e+07 45.101 -6.105 40.576 33.195 27.019 33.195
9.2510e+07 45.095 -6.111 40.576 33.195 27.019 33.195
9.2610e+07 45.095 -6.111 40.575 33.194 27.018 33.194
9.2710e+07 45.091 -6.114 40.575 33.193 27.017 33.193
9.2810e+07 45.085 -6.120 40.574 33.193 27.017 33.193
9.2910e+07 45.083 -6.121 40.574 33.192 27.016 33.192
9.3010e+07 45.077 -6.127 40.573 33.192 27.015 33.192
9.3110e+07 45.075 -6.129 40.573 33.191 27.015 33.191
9.3210e+07 45.072 -6.131 40.572 33.190 27.014 33.190
9.3310e+07 45.069 -6.134 40.572 33.190 27.014 33.190
9.3410e+07 45.062 -6.140 40.572 33.189 27.013 33.189
9.3510e+07 45.061 -6.140 40.571 33.188 27.012 33.188
9.3610e+07 45.054 -6.147 40.571 33.188 27.011 33.188
9.3710e+07 45.054 -6.147 40.570 33.187 27.011 33.187
9.3810e+07 45.049 -6.151 40.570 33.186 27.010 33.186
9.3910e+07 45.039 -6.160 40.569 33.186 27.009 33.186
9.4010e+07 45.042 -6.157 40.569 33.185 27.009 33.185
9.4110e+07 45.032 -6.167 40.568 33.185 27.009 33.185
9.4210e+07 45.032 -6.166 40.568 33.184 27.008 33.184
9.4310e+07 45.029 -6.169 40.567 33.183 27.007 33.183
9.4410e+07 45.026 -6.172 40.567 33.182 27.006 33.182
9.4510e+07 45.022 -6.175 40.566 33.182 27.006 33.182
9.4610e+07 45.017 -6.180 40.566 33.181 27.005 33.181
9.4710e+07 45.014 -6.182 40.565 33.181 27.005 33.181
9.4810e+07 45.005 -6.190 40.565 33.180 27.003 33.180
9.4910e+07 45.002 -6.193 40.565 33.179 27.003 33.179
9.5010e+07 45.007 -6.188 40.564 33.179 27.002 33.179
9.5110e+07 44.997 -6.198 40.564 33.178 27.002 33.178
9.5210e+07 44.997 -6.197 40.563 33.177 27.001 33.177
9.5310e+07 44.991 -6.203 40.563 33.177 27.001 33.177
9.5410e+07 44.981 -6.212 40.562 33.176 27.000 33.176
9.5510e+07 44.983 -6.209 40.562 33.175 26.999 33.175
9.5610e+07 44.976 -6.216 40.561 33.175 26.999 33.175
9.5710e+07 44.973 -6.218 40.561 33.174 26.998 33.174
9.5810e+07 44.970 -6.221 40.560 33.173 26.997 33.173
9.5910e+07 44.967 -6.223 40.560 33.173 26.997 33.173
9.6010e+07 44.965 -6.225 40.559 33.172 26.996 33.172
9.6110e+07 44.959 -6.231 40.559 33.171 26.995 33.171
9.6210e+07 44.952 -6.237 40.558 33.171 26.995 33.171
9.6310e+07 44.949 -6.240 40.558 33.170 26.994 33.170
9.6410e+07 44.947 -6.241 40.557 33.169 26.993 33.169
9.6510e+07 44.945 -6.243 40.557 33.169 26.993 33.169
9.6610e+07 44.943 -6.245 40.557 33.168 26.992 33.168
9.6710e+07 44.936 -6.251 40.556 33.167 26.991 33.167
9.6810e+07 44.927 -6.260 40.555 33.167 26.991 33.167
9.6910e+07 44.926 -6.261 40.555 33.166 26.990 33.166
9.7010e+07 44.922 -6.264 40.555 33.165 26.989 33.165
9.7110e+07 44.919 -6.266 40.554 33.165 26.989 33.165
9.7210e+07 44.915 -6.270 40.554 33.164 26.988 33.164
9.7310e+07 44.902 -6.282 40.553 33.163 26.987 33.163
9.7410e+07 44.903 -6.281 40.553 33.163 26.986 33.163
9.7510e+07 44.892 -6.292 40.552 33.162 26.986 33.162
9.7610e+07 44.904 -6.279 40.552 33.161 26.985 33.161
9.7710e+07 44.903 -6.280 40.551 33.161 26.984 33.161
9.7810e+07 44.907 -6.275 40.551 33.160 26.984 33.160
9.7910e+07 44.908 -6.274 40.551 33.159 26.983 33.159
9.8010e+07 44.900 -6.282 40.550 33.159 26.982 33.159
9.8110e+07 44.894 -6.287 40.550 33.158 26.982 33.158
9.8210e+07 44.897 -6.283 40.549 33.157 26.981 33.157
9.8310e+07 44.892 -6.289 40.549 33.157 26.981 33.157
9.8410e+07 44.892 -6.288 40.549 33.156 26.980 33.156
9.8510e+07 44.891 -6.288 40.548 33.155 26.979 33.155
9.8610e+07 44.882 -6.297 40.548 33.155 26.979 33.155
9.8710e+07 44.882 -6.297 40.547 33.154 26.978 33.154
9.8810e+07 44.876 -6.302 40.547 33.153 26.977 33.153
9.8910e+07 44.880 -6.298 40.546 33.153 26.977 33.153
9.9010e+07 44.877 -6.300 40.546 33.152 26.976 33.152
9.9110e+07 44.867 -6.310 40.546 33.151 26.975 33.151
9.9210e+07 44.868 -6.308 40.545 33.151 26.975 33.151
9.9310e+07 44.876 -6.300 40.545 33.150 26.974 33.150
9.9410e+07 44.872 -6.304 40.544 33.150 26.973 33.150
9.9510e+07 44.867 -6.308 40.544 33.149 26.973 33.149
9.9610e+07 44.859 -6.317 40.544 33.148 26.972 33.148
9.9710e+07 44.858 -6.317 40.543 33.147 26.971 33.147
9.9810e+07 44.860 -6.314 40.543 33.147 26.971 33.147
9.9910e+07 44.860 -6.314 40.542 33.146 26.970 33.146
