1.0000e+04 52.813 -0.145 42.549 39.125 30.943 39.125
1.1000e+05 52.816 -0.146 42.553 39.139 30.960 39.139
2.1000e+05 52.821 -0.146 42.558 39.150 30.973 39.150
3.1000e+05 52.826 -0.146 42.563 39.161 30.986 39.161
4.1000e+05 52.830 -0.147 42.568 39.172 30.999 39.172
5.1000e+05 52.835 -0.147 42.573 39.183 31.012 39.183
6.1000e+05 52.841 -0.146 42.578 39.194 31.026 39.194
7.1000e+05 52.846 -0.146 42.583 39.206 31.040 39.206
8.1000e+05 52.852 -0.146 42.589 39.217 31.055 39.217
9.1000e+05 52.858 -0.145 42.594 39.229 31.069 39.229
1.0100e+06 52.863 -0.145 42.599 39.241 31.084 39.241
1.1100e+06 52.868 -0.146 42.605 39.253 31.100 39.253
1.2100e+06 52.874 -0.145 42.610 39.265 31.115 39.265
1.3100e+06 52.881 -0.144 42.616 39.278 31.131 39.278
1.4100e+06 52.886 -0.146 42.621 39.290 31.148 39.290
1.5100e+06 52.890 -0.147 42.627 39.302 31.164 39.302
1.6100e+06 52.897 -0.146 42.633 39.314 31.181 39.314
1.7100e+06 52.904 -0.145 42.639 39.325 31.198 39.325
1.8100e+06 52.912 -0.143 42.645 39.336 31.214 39.336
1.9100e+06 52.911 -0.152 42.651 39.346 31.230 39.346
2.0100e+06 52.909 -0.165 42.658 39.353 31.245 39.353
2.1100e+06 52.901 -0.186 42.664 39.358 31.258 39.358
2.2100e+06 52.880 -0.224 42.671 39.359 31.267 39.359
2.3100e+06 52.879 -0.234 42.678 39.353 31.271 39.353
2.4100e+06 52.872 -0.252 42.685 39.339 31.267 39.339
2.5100e+06 52.855 -0.280 42.692 39.312 31.251 39.312
2.6100e+06 52.823 -0.321 42.699 39.312 31.274 39.312
2.7100e+06 52.790 -0.365 42.708 39.326 31.443 39.326
2.8100e+06 52.750 -0.423 42.722 39.308 31.496 39.308
2.9100e+06 52.720 -0.467 42.733 39.286 31.527 39.286
3.0100e+06 52.692 -0.485 42.722 39.288 31.638 39.288
3.1100e+06 52.662 -0.491 42.695 39.271 31.630 39.271
3.2100e+06 52.631 -0.498 42.669 39.270 31.614 39.270
3.3100e+06 52.598 -0.508 42.644 39.242 31.576 39.242
3.4100e+06 52.569 -0.513 42.620 39.213 31.543 39.213
3.5100e+06 52.533 -0.530 42.596 39.164 31.508 39.164
3.6100e+06 52.475 -0.572 42.574 39.170 31.527 39.170
3.7100e+06 52.447 -0.578 42.552 39.099 31.426 39.099
3.8100e+06 52.412 -0.594 42.530 39.101 31.422 39.101
3.9100e+06 52.388 -0.597 42.509 39.117 31.438 39.117
4.0100e+06 52.355 -0.612 42.489 39.100 31.424 39.100
4.1100e+06 52.329 -0.620 42.470 39.006 31.316 39.006
4.2100e+06 52.296 -0.638 42.451 38.977 31.282 38.977
4.3100e+06 52.264 -0.654 42.433 38.965 31.284 38.965
4.4100e+06 52.210 -0.696 42.415 38.950 31.277 38.950
4.5100e+06 52.147 -0.754 42.398 38.917 31.252 38.917
4.6100e+06 52.106 -0.781 42.381 38.886 31.224 38.886
4.7100e+06 52.084 -0.787 42.364 38.853 31.189 38.853
4.8100e+06 52.060 -0.795 42.347 38.736 31.034 38.736
4.9100e+06 52.032 -0.809 42.331 38.633 30.900 38.633
5.0100e+06 52.000 -0.828 42.315 39.488 30.828 38.575
5.1100e+06 51.981 -0.832 42.300 40.214 30.841 38.570
5.2100e+06 51.958 -0.842 42.286 40.214 30.877 38.585
5.3100e+06 51.920 -0.870 42.272 40.212 30.849 38.558
5.4100e+06 51.889 -0.890 42.258 40.210 30.811 38.525
5.5100e+06 51.853 -0.917 42.245 40.208 30.780 38.496
5.6100e+06 51.791 -0.975 42.232 40.484 30.750 38.469
5.7100e+06 51.767 -0.990 42.220 40.205 30.722 38.442
5.8100e+06 51.744 -1.001 42.207 40.204 30.699 38.418
5.9100e+06 51.719 -1.014 42.195 40.206 30.658 38.387
6.0100e+06 51.694 -1.028 42.182 40.212 30.612 38.360
6.1100e+06 51.673 -1.039 42.170 40.212 30.567 38.330
6.2100e+06 51.643 -1.059 42.159 40.212 30.531 38.305
6.3100e+06 51.613 -1.078 42.147 40.487 30.493 38.277
6.4100e+06 51.581 -1.101 42.135 40.213 30.464 38.255
6.5100e+06 51.546 -1.126 42.124 40.213 30.445 38.238
6.6100e+06 51.513 -1.149 42.112 40.214 30.430 38.223
6.7100e+06 51.474 -1.177 42.101 40.214 30.411 38.204
6.8100e+06 51.440 -1.202 42.090 40.214 30.379 38.178
6.9100e+06 51.411 -1.221 42.079 40.214 30.346 38.151
7.0100e+06 51.376 -1.246 42.068 40.214 30.309 38.120
7.1100e+06 51.348 -1.262 42.057 40.215 30.277 38.092
7.2100e+06 51.306 -1.297 42.046 40.212 30.254 38.070
7.3100e+06 51.256 -1.338 42.036 40.481 30.236 38.051
7.4100e+06 51.217 -1.367 42.026 40.200 30.219 38.032
7.5100e+06 51.194 -1.381 42.016 40.199 30.198 38.011
7.6100e+06 51.166 -1.400 42.006 40.197 30.177 37.991
7.7100e+06 51.136 -1.421 41.997 40.196 30.156 37.970
7.8100e+06 51.103 -1.443 41.987 40.195 30.135 37.951
7.9100e+06 51.071 -1.467 41.978 40.193 30.117 37.933
8.0100e+06 51.040 -1.490 41.969 40.192 30.100 37.916
8.1100e+06 51.008 -1.513 41.959 40.190 30.082 37.897
8.2100e+06 50.978 -1.535 41.951 40.189 30.064 37.879
8.3100e+06 50.950 -1.554 41.941 40.188 30.046 37.860
8.4100e+06 50.920 -1.575 41.932 40.187 30.028 37.841
8.5100e+06 50.887 -1.600 41.924 40.185 30.011 37.822
8.6100e+06 50.860 -1.619 41.915 40.184 29.994 37.803
8.7100e+06 50.833 -1.639 41.906 40.183 29.977 37.785
8.8100e+06 50.799 -1.664 41.897 40.181 29.962 37.768
8.9100e+06 50.766 -1.689 41.889 40.171 29.946 37.751
9.0100e+06 50.738 -1.710 41.881 40.158 29.930 37.734
9.1100e+06 50.708 -1.733 41.873 40.155 29.914 37.718
9.2100e+06 50.686 -1.748 41.866 40.151 29.899 37.702
9.3100e+06 50.660 -1.767 41.858 40.148 29.884 37.686
9.4100e+06 50.631 -1.790 41.851 40.146 29.869 37.670
9.5100e+06 50.604 -1.810 41.844 40.143 29.854 37.655
9.6100e+06 50.583 -1.825 41.837 40.140 29.840 37.640
9.7100e+06 50.556 -1.846 41.830 40.138 29.826 37.625
9.8100e+06 50.530 -1.866 41.824 40.135 29.812 37.609
9.9100e+06 50.503 -1.887 41.817 40.132 29.798 37.595
1.0010e+07 50.480 -1.904 41.810 40.130 29.784 37.580
1.0110e+07 50.453 -1.925 41.804 40.127 29.770 37.565
1.0210e+07 50.428 -1.945 41.797 40.125 29.757 37.551
1.0310e+07 50.408 -1.959 41.791 40.123 29.744 37.537
1.0410e+07 50.379 -1.982 41.785 40.120 29.730 37.522
1.0510e+07 50.362 -1.993 41.779 40.118 29.717 37.507
1.0610e+07 50.339 -2.011 41.772 40.115 29.703 37.493
1.0710e+07 50.318 -2.027 41.767 40.113 29.690 37.478
1.0810e+07 50.297 -2.042 41.761 40.111 29.677 37.464
1.0910e+07 50.277 -2.056 41.755 40.109 29.664 37.450
1.1010e+07 50.254 -2.075 41.749 40.106 29.651 37.435
1.1110e+07 50.231 -2.092 41.744 40.104 29.638 37.421
1.1210e+07 50.210 -2.107 41.738 40.102 29.625 37.406
1.1310e+07 50.182 -2.130 41.732 40.100 29.612 37.392
1.1410e+07 50.165 -2.143 41.727 40.098 29.600 37.378
1.1510e+07 50.144 -2.158 41.721 40.095 29.588 37.364
1.1610e+07 50.127 -2.170 41.716 40.427 29.576 37.350
1.1710e+07 50.111 -2.182 41.711 40.090 29.563 37.336
1.1810e+07 50.094 -2.194 41.706 40.088 29.552 37.323
1.1910e+07 50.074 -2.208 41.700 40.086 29.540 37.310
1.2010e+07 50.051 -2.227 41.696 40.084 29.529 37.297
1.2110e+07 50.041 -2.232 41.690 40.082 29.517 37.283
1.2210e+07 50.025 -2.244 41.685 40.080 29.506 37.270
1.2310e+07 50.003 -2.261 41.680 40.078 29.493 37.256
1.2410e+07 49.987 -2.273 41.675 40.076 29.479 37.242
1.2510e+07 49.970 -2.286 41.670 40.070 29.467 37.229
1.2610e+07 49.947 -2.305 41.666 40.414 29.455 37.216
1.2710e+07 49.934 -2.314 41.661 40.063 29.442 37.202
1.2810e+07 49.919 -2.325 41.656 40.061 29.430 37.189
1.2910e+07 49.898 -2.341 41.652 40.058 29.419 37.176
1.3010e+07 49.885 -2.350 41.647 40.056 29.407 37.164
1.3110e+07 49.871 -2.360 41.643 40.054 29.396 37.152
1.3210e+07 49.848 -2.379 41.638 40.052 29.384 37.139
1.3310e+07 49.841 -2.382 41.634 40.050 29.373 37.127
1.3410e+07 49.825 -2.394 41.630 40.048 29.362 37.115
1.3510e+07 49.816 -2.400 41.626 40.046 29.351 37.102
1.3610e+07 49.801 -2.410 41.622 40.044 29.339 37.090
1.3710e+07 49.784 -2.424 41.618 40.042 29.329 37.079
1.3810e+07 49.773 -2.431 41.613 40.402 29.317 37.066
1.3910e+07 49.759 -2.440 41.609 40.038 29.307 37.055
1.4010e+07 49.746 -2.450 41.606 40.036 29.296 37.043
1.4110e+07 49.731 -2.461 41.602 40.034 29.287 37.032
1.4210e+07 49.718 -2.470 41.598 40.032 29.276 37.021
1.4310e+07 49.704 -2.481 41.594 40.030 29.266 37.009
1.4410e+07 49.690 -2.491 41.590 40.028 29.255 36.998
1.4510e+07 49.680 -2.498 41.586 40.026 29.245 36.987
1.4610e+07 49.663 -2.511 41.582 40.024 29.235 36.976
1.4710e+07 49.652 -2.519 41.578 40.022 29.225 36.965
1.4810e+07 49.637 -2.530 41.574 40.021 29.215 36.954
1.4910e+07 49.623 -2.540 41.571 40.019 29.206 36.944
1.5010e+07 49.612 -2.549 41.567 40.017 29.195 36.932
1.5110e+07 49.596 -2.560 41.563 40.015 29.186 36.922
1.5210e+07 49.586 -2.567 41.560 40.013 29.177 36.911
1.5310e+07 49.571 -2.579 41.556 40.011 29.167 36.900
1.5410e+07 49.563 -2.584 41.553 40.010 29.157 36.889
1.5510e+07 49.550 -2.593 41.549 40.008 29.148 36.879
1.5610e+07 49.543 -2.597 41.545 40.006 29.139 36.870
1.5710e+07 49.532 -2.605 41.542 40.005 29.131 36.860
1.5810e+07 49.517 -2.616 41.538 40.003 29.123 36.851
1.5910e+07 49.510 -2.619 41.534 40.001 29.115 36.842
1.6010e+07 49.497 -2.629 41.531 39.999 29.109 36.835
1.6110e+07 49.491 -2.632 41.528 39.998 29.099 36.824
1.6210e+07 49.478 -2.641 41.524 39.996 29.092 36.816
1.6310e+07 49.465 -2.651 41.520 39.994 29.084 36.807
1.6410e+07 49.458 -2.654 41.517 39.993 29.077 36.799
1.6510e+07 49.446 -2.663 41.513 39.991 29.070 36.790
1.6610e+07 49.440 -2.666 41.510 39.990 29.062 36.782
1.6710e+07 49.425 -2.678 41.507 39.988 29.054 36.773
1.6810e+07 49.413 -2.687 41.503 39.986 29.048 36.765
1.6910e+07 49.405 -2.691 41.500 39.985 29.040 36.757
1.7010e+07 49.394 -2.699 41.496 39.983 29.033 36.748
1.7110e+07 49.381 -2.709 41.493 39.982 29.026 36.740
1.7210e+07 49.373 -2.714 41.489 39.980 29.018 36.732
1.7310e+07 49.363 -2.720 41.486 39.974 29.011 36.724
1.7410e+07 49.351 -2.729 41.483 39.969 29.004 36.716
1.7510e+07 49.345 -2.732 41.480 39.967 28.997 36.708
1.7610e+07 49.333 -2.741 41.477 39.966 28.991 36.701
1.7710e+07 49.325 -2.747 41.474 39.964 28.984 36.693
1.7810e+07 49.315 -2.754 41.471 39.962 28.977 36.686
1.7910e+07 49.305 -2.761 41.467 39.960 28.971 36.679
1.8010e+07 49.293 -2.770 41.464 39.958 28.965 36.671
1.8110e+07 49.284 -2.775 41.461 39.957 28.960 36.665
1.8210e+07 49.277 -2.779 41.458 39.955 28.954 36.658
1.8310e+07 49.268 -2.786 41.455 39.953 28.949 36.652
1.8410e+07 49.263 -2.788 41.453 39.952 28.943 36.645
1.8510e+07 49.256 -2.793 41.450 39.950 28.939 36.638
1.8610e+07 49.246 -2.800 41.447 39.949 28.934 36.633
1.8710e+07 49.233 -2.810 41.444 39.947 28.929 36.626
1.8810e+07 49.228 -2.812 41.441 39.945 28.925 36.621
1.8910e+07 49.218 -2.820 41.438 39.944 28.921 36.615
1.9010e+07 49.209 -2.825 41.435 39.942 28.917 36.609
1.9110e+07 49.205 -2.827 41.432 39.940 28.913 36.604
1.9210e+07 49.197 -2.833 41.430 39.939 28.909 36.599
1.9310e+07 49.186 -2.840 41.427 39.937 28.906 36.593
1.9410e+07 49.177 -2.847 41.424 39.936 28.902 36.588
1.9510e+07 49.173 -2.848 41.421 39.934 28.899 36.583
1.9610e+07 49.161 -2.858 41.418 39.932 28.896 36.578
1.9710e+07 49.154 -2.862 41.416 39.931 28.894 36.574
1.9810e+07 49.143 -2.871 41.413 39.929 28.891 36.569
1.9910e+07 49.139 -2.872 41.411 39.928 28.853 36.534
2.0010e+07 49.130 -2.879 41.408 39.926 28.790 36.478
2.0110e+07 49.121 -2.885 41.405 39.925 28.740 36.434
2.0210e+07 49.112 -2.892 41.403 39.923 28.721 36.416
2.0310e+07 49.106 -2.895 41.400 39.922 28.698 36.394
2.0410e+07 49.098 -2.901 41.398 39.920 28.687 36.383
2.0510e+07 49.087 -2.909 41.395 39.919 28.675 36.371
2.0610e+07 49.080 -2.914 41.393 39.917 28.664 36.360
2.0710e+07 49.074 -2.917 41.390 39.916 28.653 36.348
2.0810e+07 49.065 -2.925 41.387 39.914 28.644 36.339
2.0910e+07 49.056 -2.931 41.385 39.913 28.634 36.329
2.1010e+07 49.046 -2.939 41.383 39.911 28.625 36.319
2.1110e+07 49.040 -2.942 41.380 39.910 28.617 36.310
2.1210e+07 49.036 -2.944 41.378 39.909 28.609 36.302
2.1310e+07 49.025 -2.953 41.375 39.907 28.600 36.292
2.1410e+07 49.015 -2.961 41.373 39.906 28.592 36.283
2.1510e+07 49.013 -2.960 41.371 39.904 28.584 36.274
2.1610e+07 49.005 -2.967 41.369 39.903 28.576 36.266
2.1710e+07 49.000 -2.969 41.367 39.902 28.569 36.257
2.1810e+07 48.991 -2.976 41.364 39.900 28.561 36.248
2.1910e+07 48.988 -2.977 41.362 39.899 28.553 36.240
2.2010e+07 48.980 -2.983 41.359 39.898 28.545 36.231
2.2110e+07 48.970 -2.990 41.357 39.896 28.539 36.223
2.2210e+07 48.963 -2.995 41.355 39.895 28.531 36.215
2.2310e+07 48.961 -2.995 41.353 39.893 28.523 36.206
2.2410e+07 48.950 -3.004 41.350 39.892 28.517 36.198
2.2510e+07 48.942 -3.010 41.348 39.891 28.509 36.189
2.2610e+07 48.939 -3.010 41.346 39.889 28.501 36.180
2.2710e+07 48.931 -3.017 41.344 39.888 28.491 36.170
2.2810e+07 48.924 -3.021 41.342 39.887 28.484 36.161
2.2910e+07 48.918 -3.026 41.340 39.885 28.478 36.154
2.3010e+07 48.911 -3.031 41.337 39.884 28.472 36.146
2.3110e+07 48.906 -3.034 41.335 39.883 28.466 36.139
2.3210e+07 48.898 -3.039 41.333 39.881 28.459 36.131
2.3310e+07 48.897 -3.039 41.331 39.880 28.454 36.124
2.3410e+07 48.883 -3.050 41.329 39.879 28.449 36.117
2.3510e+07 48.877 -3.055 41.327 39.877 28.442 36.110
2.3610e+07 48.872 -3.057 41.325 39.876 28.437 36.102
2.3710e+07 48.863 -3.064 41.323 39.875 28.431 36.095
2.3810e+07 48.858 -3.068 41.321 39.874 28.425 36.088
2.3910e+07 48.850 -3.073 41.319 39.873 28.420 36.081
2.4010e+07 48.845 -3.078 41.317 39.871 28.414 36.073
2.4110e+07 48.839 -3.081 41.315 39.870 28.409 36.067
2.4210e+07 48.830 -3.088 41.313 39.869 28.404 36.059
2.4310e+07 48.826 -3.091 41.311 39.868 28.399 36.052
2.4410e+07 48.819 -3.095 41.309 39.866 28.394 36.045
2.4510e+07 48.809 -3.103 41.307 39.865 28.389 36.038
2.4610e+07 48.808 -3.103 41.305 39.864 28.384 36.032
2.4710e+07 48.797 -3.112 41.303 39.863 28.379 36.024
2.4810e+07 48.791 -3.116 41.301 39.861 28.374 36.018
2.4910e+07 48.785 -3.120 41.299 39.860 28.370 36.011
2.5010e+07 48.778 -3.126 41.297 39.859 28.365 36.004
2.5110e+07 48.772 -3.130 41.296 39.858 28.360 35.997
2.5210e+07 48.769 -3.131 41.294 39.857 28.356 35.991
2.5310e+07 48.761 -3.137 41.292 39.856 28.351 35.984
2.5410e+07 48.757 -3.140 41.290 39.854 28.347 35.977
2.5510e+07 48.752 -3.143 41.289 39.853 28.343 35.970
2.5610e+07 48.748 -3.145 41.287 39.852 28.339 35.964
2.5710e+07 48.740 -3.152 41.285 39.851 28.335 35.957
2.5810e+07 48.735 -3.155 41.283 39.850 28.331 35.951
2.5910e+07 48.728 -3.160 41.281 39.849 28.327 35.944
2.6010e+07 48.722 -3.164 41.280 39.847 28.324 35.937
2.6110e+07 48.717 -3.168 41.278 39.846 28.321 35.931
2.6210e+07 48.710 -3.173 41.276 39.845 28.317 35.924
2.6310e+07 48.706 -3.175 41.275 39.844 28.314 35.917
2.6410e+07 48.699 -3.181 41.273 39.843 28.309 35.910
2.6510e+07 48.694 -3.184 41.271 39.842 28.305 35.903
2.6610e+07 48.687 -3.189 41.269 39.841 28.300 35.897
2.6710e+07 48.682 -3.193 41.268 39.839 28.296 35.891
2.6810e+07 48.678 -3.195 41.266 39.838 28.292 35.886
2.6910e+07 48.669 -3.204 41.265 39.837 28.288 35.882
2.7010e+07 48.664 -3.206 41.263 39.836 28.284 35.878
2.7110e+07 48.658 -3.211 41.262 39.835 28.281 35.874
2.7210e+07 48.653 -3.215 41.261 39.834 28.278 35.871
2.7310e+07 48.646 -3.220 41.259 39.833 28.275 35.868
2.7410e+07 48.645 -3.220 41.257 39.832 28.273 35.866
2.7510e+07 48.635 -3.228 41.256 39.831 28.270 35.863
2.7610e+07 48.628 -3.234 41.254 39.829 28.269 35.862
2.7710e+07 48.625 -3.236 41.253 39.828 28.266 35.859
2.7810e+07 48.617 -3.242 41.251 39.827 28.264 35.858
2.7910e+07 48.609 -3.249 41.250 39.826 28.263 35.856
2.8010e+07 48.604 -3.253 41.249 39.825 28.263 35.857
2.8110e+07 48.597 -3.258 41.247 39.824 28.259 35.854
2.8210e+07 48.590 -3.264 41.246 39.823 28.259 35.854
2.8310e+07 48.587 -3.266 41.244 39.822 28.259 35.855
2.8410e+07 48.582 -3.269 41.243 39.821 28.259 35.855
2.8510e+07 48.574 -3.277 41.242 39.820 28.258 35.855
2.8610e+07 48.566 -3.283 41.240 39.819 28.259 35.856
2.8710e+07 48.563 -3.285 41.239 39.818 28.261 35.858
2.8810e+07 48.558 -3.289 41.238 39.817 28.262 35.860
2.8910e+07 48.551 -3.295 41.236 39.816 28.265 35.863
2.9010e+07 48.545 -3.299 41.235 39.819 28.267 35.863
2.9110e+07 48.540 -3.302 41.234 40.329 28.267 35.864
2.9210e+07 48.531 -3.310 41.232 39.848 28.267 35.864
2.9310e+07 48.525 -3.315 41.230 39.847 28.267 35.864
2.9410e+07 48.521 -3.317 41.229 39.847 28.268 35.865
2.9510e+07 48.517 -3.320 41.227 39.846 28.268 35.866
2.9610e+07 48.514 -3.321 41.226 39.846 28.267 35.865
2.9710e+07 48.508 -3.326 41.224 39.845 28.267 35.866
2.9810e+07 48.503 -3.329 41.223 39.844 28.266 35.865
2.9910e+07 48.497 -3.334 41.221 39.844 28.265 35.864
3.0010e+07 48.494 -3.336 41.220 39.843 28.264 35.864
3.0110e+07 48.488 -3.340 41.218 39.843 28.262 35.862
3.0210e+07 48.484 -3.343 41.217 39.843 28.262 35.863
3.0310e+07 48.476 -3.349 41.215 39.842 28.261 35.862
3.0410e+07 48.472 -3.351 41.214 39.842 28.262 35.864
3.0510e+07 48.467 -3.355 41.212 39.841 28.260 35.862
3.0610e+07 48.463 -3.358 41.211 39.840 28.257 35.860
3.0710e+07 48.458 -3.361 41.209 39.840 28.256 35.859
3.0810e+07 48.452 -3.366 41.207 39.839 28.256 35.860
3.0910e+07 48.450 -3.367 41.206 39.839 28.253 35.857
3.1010e+07 48.442 -3.373 41.205 39.838 28.251 35.855
3.1110e+07 48.439 -3.375 41.203 39.838 28.252 35.857
3.1210e+07 48.430 -3.381 41.201 39.837 28.249 35.853
3.1310e+07 48.426 -3.384 41.200 39.837 28.247 35.852
3.1410e+07 48.421 -3.388 41.199 39.836 28.248 35.854
3.1510e+07 48.418 -3.389 41.197 39.836 28.244 35.850
3.1610e+07 48.411 -3.395 41.195 39.835 28.240 35.847
3.1710e+07 48.409 -3.396 41.194 39.834 28.239 35.846
3.1810e+07 48.405 -3.399 41.193 39.834 28.240 35.848
3.1910e+07 48.397 -3.405 41.191 39.833 28.240 35.848
3.2010e+07 48.390 -3.410 41.190 39.833 28.241 35.849
3.2110e+07 48.388 -3.411 41.188 39.832 28.241 35.849
3.2210e+07 48.384 -3.414 41.187 39.832 28.241 35.850
3.2310e+07 48.381 -3.415 41.185 39.831 28.238 35.850
3.2410e+07 48.370 -3.424 41.183 39.831 28.239 35.851
3.2510e+07 48.366 -3.427 41.182 39.830 28.241 35.852
3.2610e+07 48.361 -3.432 41.181 39.830 28.240 35.852
3.2710e+07 48.358 -3.432 41.180 39.829 28.240 35.853
3.2810e+07 48.351 -3.438 41.178 39.829 28.243 35.856
3.2910e+07 48.345 -3.443 41.177 39.828 28.243 35.857
3.3010e+07 48.339 -3.447 41.175 39.828 28.245 35.859
3.3110e+07 48.336 -3.449 41.174 39.827 28.247 35.861
3.3210e+07 48.331 -3.453 41.172 39.827 28.248 35.862
3.3310e+07 48.326 -3.457 41.171 39.826 28.250 35.864
3.3410e+07 48.320 -3.461 41.170 39.826 28.251 35.866
3.3510e+07 48.316 -3.464 41.169 39.825 28.251 35.867
3.3610e+07 48.310 -3.468 41.167 39.825 28.254 35.870
3.3710e+07 48.304 -3.473 41.165 39.824 28.254 35.871
3.3810e+07 48.301 -3.475 41.164 39.824 28.256 35.873
3.3910e+07 48.295 -3.479 41.163 39.823 28.259 35.876
3.4010e+07 48.291 -3.483 41.162 39.823 28.260 35.877
3.4110e+07 48.284 -3.488 41.160 39.823 28.261 35.878
3.4210e+07 48.279 -3.491 41.159 39.822 28.263 35.880
3.4310e+07 48.276 -3.493 41.157 39.821 28.266 35.884
3.4410e+07 48.271 -3.497 41.156 39.821 28.266 35.885
3.4510e+07 48.263 -3.505 41.155 39.820 28.268 35.887
3.4610e+07 48.258 -3.508 41.153 39.820 28.270 35.889
3.4710e+07 48.254 -3.510 41.152 39.819 28.274 35.893
3.4810e+07 48.251 -3.512 41.151 39.819 28.275 35.894
3.4910e+07 48.248 -3.515 41.150 39.818 28.278 35.897
3.5010e+07 48.246 -3.515 41.149 39.818 28.280 35.899
3.5110e+07 48.241 -3.519 41.147 39.817 28.280 35.900
3.5210e+07 48.237 -3.522 41.146 39.817 28.282 35.902
3.5310e+07 48.235 -3.523 41.145 39.817 28.286 35.906
3.5410e+07 48.230 -3.526 41.144 39.816 28.286 35.907
3.5510e+07 48.221 -3.533 41.142 39.815 28.288 35.909
3.5610e+07 48.218 -3.535 41.141 39.815 28.292 35.912
3.5710e+07 48.213 -3.539 41.139 39.815 28.292 35.913
3.5810e+07 48.207 -3.544 41.138 39.814 28.294 35.916
3.5910e+07 48.205 -3.545 41.137 39.814 28.299 35.919
3.6010e+07 48.200 -3.549 41.136 39.813 28.299 35.920
3.6110e+07 48.194 -3.553 41.135 39.789 28.301 35.923
3.6210e+07 48.190 -3.556 41.134 35.925 28.303 35.925
3.6310e+07 48.188 -3.557 41.132 35.927 28.306 35.927
3.6410e+07 48.184 -3.560 41.131 35.931 28.310 35.931
3.6510e+07 48.178 -3.564 41.130 35.933 28.312 35.933
3.6610e+07 48.176 -3.566 41.129 35.934 28.312 35.934
3.6710e+07 48.175 -3.566 41.128 35.939 28.317 35.939
3.6810e+07 48.166 -3.573 41.126 35.939 28.317 35.939
3.6910e+07 48.162 -3.576 41.125 35.941 28.319 35.941
3.7010e+07 48.159 -3.578 41.124 35.944 28.321 35.944
3.7110e+07 48.154 -3.582 41.123 35.948 28.326 35.948
3.7210e+07 48.149 -3.585 41.121 35.950 28.328 35.950
3.7310e+07 48.142 -3.592 41.120 35.953 28.331 35.953
3.7410e+07 48.141 -3.591 41.119 35.954 28.331 35.954
3.7510e+07 48.135 -3.596 41.118 35.956 28.334 35.956
3.7610e+07 48.133 -3.597 41.117 35.958 28.336 35.958
3.7710e+07 48.128 -3.601 41.115 35.961 28.338 35.961
3.7810e+07 48.122 -3.606 41.114 35.963 28.340 35.963
3.7910e+07 48.118 -3.609 41.113 35.964 28.341 35.964
3.8010e+07 48.119 -3.606 41.112 35.966 28.343 35.966
3.8110e+07 48.108 -3.617 41.111 35.968 28.346 35.968
3.8210e+07 48.109 -3.614 41.110 35.974 28.352 35.974
3.8310e+07 48.102 -3.620 41.108 35.976 28.354 35.976
3.8410e+07 48.098 -3.623 41.107 35.975 28.352 35.975
3.8510e+07 48.092 -3.628 41.106 35.979 28.356 35.979
3.8610e+07 48.088 -3.631 41.105 35.982 28.359 35.982
3.8710e+07 48.082 -3.636 41.104 35.983 28.361 35.983
3.8810e+07 48.079 -3.637 41.102 35.986 28.364 35.986
3.8910e+07 48.073 -3.643 41.102 35.986 28.364 35.986
3.9010e+07 48.069 -3.645 41.100 35.989 28.366 35.989
3.9110e+07 48.065 -3.649 41.099 35.990 28.367 35.990
3.9210e+07 48.062 -3.651 41.098 35.992 28.370 35.992
3.9310e+07 48.060 -3.651 41.097 35.995 28.374 35.995
3.9410e+07 48.056 -3.654 41.096 35.998 28.376 35.998
3.9510e+07 48.050 -3.658 41.095 35.998 28.376 35.998
3.9610e+07 48.047 -3.661 41.094 36.002 28.379 36.002
3.9710e+07 48.041 -3.666 41.092 36.004 28.382 36.004
3.9810e+07 48.037 -3.669 41.091 36.005 28.383 36.005
3.9910e+07 48.033 -3.672 41.090 36.008 28.386 36.008
4.0010e+07 48.027 -3.677 41.089 36.011 28.389 36.011
4.0110e+07 48.022 -3.680 41.088 36.014 28.392 36.014
4.0210e+07 48.020 -3.681 41.087 36.015 28.394 36.015
4.0310e+07 48.014 -3.687 41.086 36.016 28.394 36.016
4.0410e+07 48.010 -3.689 41.084 36.018 28.396 36.018
4.0510e+07 48.007 -3.691 41.084 36.020 28.398 36.020
4.0610e+07 48.001 -3.696 41.083 36.022 28.401 36.022
4.0710e+07 47.995 -3.701 41.081 36.025 28.404 36.025
4.0810e+07 47.995 -3.700 41.080 36.027 28.406 36.027
4.0910e+07 47.991 -3.704 41.079 36.028 28.406 36.028
4.1010e+07 47.986 -3.707 41.078 36.030 28.408 36.030
4.1110e+07 47.980 -3.712 41.076 36.034 28.413 36.034
4.1210e+07 47.978 -3.713 41.076 36.036 28.414 36.036
4.1310e+07 47.973 -3.716 41.075 36.036 28.414 36.036
4.1410e+07 47.973 -3.716 41.074 36.038 28.417 36.038
4.1510e+07 47.965 -3.722 41.073 36.041 28.419 36.041
4.1610e+07 47.966 -3.721 41.072 36.043 28.422 36.043
4.1710e+07 47.964 -3.722 41.071 36.043 28.422 36.043
4.1810e+07 47.958 -3.727 41.070 36.047 28.426 36.047
4.1910e+07 47.954 -3.730 41.069 36.050 28.428 36.050
4.2010e+07 47.951 -3.732 41.068 36.051 28.430 36.051
4.2110e+07 47.950 -3.732 41.067 36.054 28.432 36.054
4.2210e+07 47.946 -3.735 41.065 36.054 28.432 36.054
4.2310e+07 47.940 -3.739 41.064 36.057 28.435 36.057
4.2410e+07 47.937 -3.741 41.063 36.059 28.437 36.059
4.2510e+07 47.932 -3.745 41.062 36.060 28.438 36.060
4.2610e+07 47.928 -3.748 41.061 36.062 28.440 36.062
4.2710e+07 47.925 -3.750 41.060 36.064 28.442 36.064
4.2810e+07 47.920 -3.754 41.058 36.065 28.442 36.065
4.2910e+07 47.916 -3.757 41.057 36.067 28.444 36.067
4.3010e+07 47.913 -3.759 41.056 36.067 28.444 36.067
4.3110e+07 47.909 -3.761 41.055 36.069 28.446 36.069
4.3210e+07 47.906 -3.764 41.054 36.069 28.446 36.069
4.3310e+07 47.906 -3.762 41.053 36.068 28.445 36.068
4.3410e+07 47.899 -3.769 41.052 36.070 28.447 36.070
4.3510e+07 47.896 -3.771 41.051 36.070 28.447 36.070
4.3610e+07 47.891 -3.775 41.050 36.070 28.447 36.070
4.3710e+07 47.888 -3.776 41.049 36.072 28.449 36.072
4.3810e+07 47.886 -3.777 41.048 36.071 28.448 36.071
4.3910e+07 47.885 -3.777 41.047 36.071 28.448 36.071
4.4010e+07 47.880 -3.781 41.046 36.071 28.449 36.071
4.4110e+07 47.874 -3.786 41.045 36.071 28.448 36.071
4.4210e+07 47.870 -3.790 41.044 36.072 28.449 36.072
4.4310e+07 47.867 -3.791 41.043 36.071 28.449 36.071
4.4410e+07 47.863 -3.795 41.042 36.071 28.448 36.071
4.4510e+07 47.865 -3.791 41.041 36.071 28.449 36.071
4.4610e+07 47.859 -3.796 41.040 36.071 28.448 36.071
4.4710e+07 47.853 -3.802 41.039 36.069 28.447 36.069
4.4810e+07 47.851 -3.802 41.037 36.070 28.448 36.070
4.4910e+07 47.849 -3.804 41.036 36.070 28.447 36.070
4.5010e+07 47.845 -3.806 41.035 36.069 28.447 36.069
4.5110e+07 47.839 -3.811 41.034 36.068 28.446 36.068
4.5210e+07 47.836 -3.813 41.033 36.065 28.443 36.065
4.5310e+07 47.832 -3.816 41.032 36.064 28.443 36.064
4.5410e+07 47.828 -3.819 41.031 36.063 28.442 36.063
4.5510e+07 47.828 -3.818 41.030 36.062 28.441 36.062
4.5610e+07 47.823 -3.822 41.029 36.062 28.440 36.062
4.5710e+07 47.820 -3.824 41.028 36.060 28.439 36.060
4.5810e+07 47.813 -3.830 41.027 36.059 28.438 36.059
4.5910e+07 47.811 -3.831 41.026 36.058 28.437 36.058
4.6010e+07 47.808 -3.833 41.025 36.056 28.435 36.056
4.6110e+07 47.808 -3.832 41.024 36.055 28.434 36.055
4.6210e+07 47.800 -3.839 41.022 36.053 28.432 36.053
4.6310e+07 47.795 -3.842 41.021 36.052 28.432 36.052
4.6410e+07 47.792 -3.844 41.020 36.051 28.431 36.051
4.6510e+07 47.788 -3.848 41.019 36.049 28.428 36.049
4.6610e+07 47.786 -3.849 41.018 36.049 28.429 36.049
4.6710e+07 47.785 -3.849 41.017 36.046 28.426 36.046
4.6810e+07 47.780 -3.853 41.016 36.045 28.425 36.045
4.6910e+07 47.776 -3.855 41.015 36.044 28.424 36.044
4.7010e+07 47.772 -3.859 41.014 36.044 28.424 36.044
4.7110e+07 47.767 -3.863 41.013 36.041 28.422 36.041
4.7210e+07 47.762 -3.867 41.012 36.040 28.421 36.040
4.7310e+07 47.763 -3.866 41.011 36.039 28.420 36.039
4.7410e+07 47.757 -3.870 41.010 36.036 28.416 36.036
4.7510e+07 47.756 -3.870 41.010 36.037 28.418 36.037
4.7610e+07 47.750 -3.875 41.008 36.033 28.414 36.033
4.7710e+07 47.747 -3.877 41.007 36.032 28.413 36.032
4.7810e+07 47.746 -3.877 41.006 36.030 28.411 36.030
4.7910e+07 47.742 -3.880 41.006 36.030 28.411 36.030
4.8010e+07 47.739 -3.882 41.004 36.028 28.409 36.028
4.8110e+07 47.733 -3.888 41.003 36.026 28.407 36.026
4.8210e+07 47.728 -3.891 41.002 36.025 28.407 36.025
4.8310e+07 47.726 -3.892 41.001 36.024 28.405 36.024
4.8410e+07 47.722 -3.895 41.000 36.022 28.404 36.022
4.8510e+07 47.717 -3.899 40.999 36.021 28.403 36.021
4.8610e+07 47.716 -3.900 40.998 36.020 28.402 36.020
4.8710e+07 47.707 -3.907 40.997 36.019 28.401 36.019
4.8810e+07 47.707 -3.907 40.996 36.018 28.400 36.018
4.8910e+07 47.704 -3.908 40.996 36.016 28.399 36.016
4.9010e+07 47.700 -3.912 40.995 36.014 28.397 36.014
4.9110e+07 47.696 -3.914 40.994 36.014 28.397 36.014
4.9210e+07 47.690 -3.920 40.993 36.012 28.395 36.012
4.9310e+07 47.691 -3.918 40.992 36.011 28.394 36.011
4.9410e+07 47.686 -3.921 40.991 36.010 28.393 36.010
4.9510e+07 47.682 -3.925 40.990 36.008 28.392 36.008
4.9610e+07 47.682 -3.924 40.989 36.005 28.389 36.005
4.9710e+07 47.679 -3.926 40.988 36.006 28.389 36.006
4.9810e+07 47.676 -3.929 40.987 36.005 28.388 36.005
4.9910e+07 47.673 -3.931 40.986 36.003 28.387 36.003
5.0010e+07 47.669 -3.934 40.985 36.002 28.386 36.002
5.0110e+07 47.672 -3.930 40.985 36.000 28.385 36.000
5.0210e+07 47.664 -3.937 40.984 35.999 28.383 35.999
5.0310e+07 47.662 -3.938 40.983 35.998 28.382 35.998
5.0410e+07 47.660 -3.939 40.982 35.996 28.380 35.996
5.0510e+07 47.658 -3.941 40.981 35.994 28.379 35.994
5.0610e+07 47.654 -3.943 40.980 35.992 28.377 35.992
5.0710e+07 47.652 -3.945 40.979 35.994 28.380 35.994
5.0810e+07 47.646 -3.950 40.978 35.990 28.375 35.990
5.0910e+07 47.645 -3.950 40.977 35.991 28.376 35.991
5.1010e+07 47.639 -3.955 40.976 35.987 28.372 35.987
5.1110e+07 47.638 -3.955 40.975 35.985 28.370 35.985
5.1210e+07 47.635 -3.957 40.975 35.985 28.370 35.985
5.1310e+07 47.631 -3.961 40.974 35.984 28.369 35.984
5.1410e+07 47.628 -3.963 40.973 35.983 28.368 35.983
5.1510e+07 47.627 -3.963 40.972 35.981 28.367 35.981
5.1610e+07 47.624 -3.965 40.971 35.979 28.365 35.979
5.1710e+07 47.619 -3.969 40.970 35.977 28.363 35.977
5.1810e+07 47.618 -3.969 40.969 35.977 28.363 35.977
5.1910e+07 47.616 -3.970 40.968 35.975 28.361 35.975
5.2010e+07 47.611 -3.974 40.967 35.973 28.359 35.973
5.2110e+07 47.606 -3.978 40.966 35.973 28.359 35.973
5.2210e+07 47.601 -3.982 40.965 35.973 28.359 35.973
5.2310e+07 47.603 -3.979 40.964 35.972 28.358 35.972
5.2410e+07 47.600 -3.981 40.964 35.970 28.357 35.970
5.2510e+07 47.597 -3.984 40.963 35.966 28.353 35.966
5.2610e+07 47.593 -3.987 40.962 35.967 28.353 35.967
5.2710e+07 47.590 -3.989 40.961 35.963 28.350 35.963
5.2810e+07 47.584 -3.993 40.960 35.966 28.353 35.966
5.2910e+07 47.586 -3.991 40.959 35.962 28.349 35.962
5.3010e+07 47.583 -3.994 40.959 35.962 28.349 35.962
5.3110e+07 47.576 -4.000 40.958 35.960 28.347 35.960
5.3210e+07 47.574 -4.001 40.957 35.959 28.346 35.959
5.3310e+07 47.568 -4.006 40.956 35.958 28.345 35.958
5.3410e+07 47.570 -4.003 40.955 35.956 28.343 35.956
5.3510e+07 47.566 -4.006 40.954 35.953 28.340 35.953
5.3610e+07 47.560 -4.011 40.953 35.951 28.339 35.951
5.3710e+07 47.559 -4.011 40.952 35.954 28.342 35.954
5.3810e+07 47.556 -4.013 40.951 35.950 28.338 35.950
5.3910e+07 47.552 -4.016 40.950 35.952 28.340 35.952
5.4010e+07 47.551 -4.017 40.949 35.947 28.335 35.947
5.4110e+07 47.552 -4.015 40.949 35.945 28.333 35.945
5.4210e+07 47.545 -4.022 40.948 35.947 28.336 35.947
5.4310e+07 47.539 -4.026 40.947 35.945 28.335 35.945
5.4410e+07 47.538 -4.027 40.946 35.944 28.334 35.944
5.4510e+07 47.535 -4.029 40.945 35.940 28.329 35.940
5.4610e+07 47.532 -4.031 40.944 35.939 28.328 35.939
5.4710e+07 47.531 -4.031 40.943 35.937 28.326 35.937
5.4810e+07 47.529 -4.032 40.943 35.936 28.325 35.936
5.4910e+07 47.521 -4.039 40.942 35.935 28.325 35.935
5.5010e+07 47.520 -4.039 40.941 35.934 28.323 35.934
5.5110e+07 47.518 -4.041 40.941 35.935 28.325 35.935
5.5210e+07 47.518 -4.041 40.940 35.933 28.323 35.933
5.5310e+07 47.514 -4.043 40.939 35.931 28.320 35.931
5.5410e+07 47.514 -4.042 40.938 35.929 28.319 35.929
5.5510e+07 47.507 -4.048 40.937 35.928 28.318 35.928
5.5610e+07 47.500 -4.054 40.936 35.927 28.317 35.927
5.5710e+07 47.496 -4.057 40.935 35.927 28.317 35.927
5.5810e+07 47.496 -4.057 40.934 35.925 28.315 35.925
5.5910e+07 47.493 -4.060 40.934 35.927 28.318 35.927
5.6010e+07 47.489 -4.063 40.933 35.926 28.317 35.926
5.6110e+07 47.489 -4.062 40.932 35.925 28.316 35.925
5.6210e+07 47.486 -4.064 40.931 35.924 28.315 35.924
5.6310e+07 47.480 -4.069 40.930 35.920 28.312 35.920
5.6410e+07 47.476 -4.072 40.930 35.920 28.311 35.920
5.6510e+07 47.473 -4.074 40.928 35.917 28.308 35.917
5.6610e+07 47.471 -4.076 40.928 35.914 28.304 35.914
5.6710e+07 47.467 -4.079 40.927 35.915 28.306 35.915
5.6810e+07 47.466 -4.079 40.926 35.913 28.304 35.913
5.6910e+07 47.463 -4.082 40.925 35.909 28.301 35.909
5.7010e+07 47.461 -4.083 40.925 35.911 28.302 35.911
5.7110e+07 47.458 -4.085 40.924 35.907 28.299 35.907
5.7210e+07 47.454 -4.088 40.923 35.906 28.298 35.906
5.7310e+07 47.450 -4.092 40.922 35.905 28.297 35.905
5.7410e+07 47.443 -4.097 40.921 35.904 28.296 35.904
5.7510e+07 47.443 -4.097 40.921 35.902 28.294 35.902
5.7610e+07 47.440 -4.099 40.920 35.900 28.292 35.900
5.7710e+07 47.440 -4.098 40.919 35.900 28.292 35.900
5.7810e+07 47.437 -4.100 40.918 35.899 28.291 35.899
5.7910e+07 47.435 -4.102 40.918 35.897 28.289 35.897
5.8010e+07 47.431 -4.105 40.917 35.897 28.290 35.897
5.8110e+07 47.428 -4.107 40.916 35.896 28.288 35.896
5.8210e+07 47.425 -4.109 40.915 35.895 28.287 35.895
5.8310e+07 47.419 -4.114 40.914 35.894 28.287 35.894
5.8410e+07 47.416 -4.116 40.913 35.893 28.286 35.893
5.8510e+07 47.412 -4.119 40.912 35.892 28.284 35.892
5.8610e+07 47.411 -4.120 40.912 35.891 28.284 35.891
5.8710e+07 47.409 -4.121 40.911 35.887 28.280 35.887
5.8810e+07 47.405 -4.124 40.910 35.887 28.280 35.887
5.8910e+07 47.402 -4.127 40.910 35.885 28.278 35.885
5.9010e+07 47.402 -4.126 40.909 35.884 28.277 35.884
5.9110e+07 47.396 -4.131 40.908 35.882 28.276 35.882
5.9210e+07 47.396 -4.130 40.907 35.883 28.277 35.883
5.9310e+07 47.390 -4.136 40.906 35.884 28.278 35.884
5.9410e+07 47.385 -4.140 40.906 35.879 28.273 35.879
5.9510e+07 47.386 -4.138 40.905 35.878 28.272 35.878
5.9610e+07 47.383 -4.141 40.904 35.877 28.271 35.877
5.9710e+07 47.377 -4.145 40.903 35.876 28.270 35.876
5.9810e+07 47.376 -4.146 40.902 35.874 28.268 35.874
5.9910e+07 47.373 -4.148 40.902 35.872 28.266 35.872
6.0010e+07 47.371 -4.149 40.901 35.871 28.265 35.871
6.0110e+07 47.368 -4.151 40.900 35.869 28.264 35.869
6.0210e+07 47.364 -4.155 40.899 35.868 28.263 35.868
6.0310e+07 47.365 -4.153 40.898 35.868 28.262 35.868
6.0410e+07 47.354 -4.163 40.897 35.866 28.261 35.866
6.0510e+07 47.351 -4.165 40.897 35.864 28.259 35.864
6.0610e+07 47.352 -4.164 40.896 35.864 28.259 35.864
6.0710e+07 47.350 -4.165 40.895 35.863 28.258 35.863
6.0810e+07 47.348 -4.166 40.895 35.862 28.257 35.862
6.0910e+07 47.345 -4.169 40.894 35.860 28.255 35.860
6.1010e+07 47.342 -4.171 40.893 35.859 28.254 35.859
6.1110e+07 47.339 -4.174 40.893 35.858 28.253 35.858
6.1210e+07 47.339 -4.173 40.892 35.857 28.253 35.857
6.1310e+07 47.337 -4.174 40.891 35.856 28.252 35.856
6.1410e+07 47.335 -4.175 40.891 35.855 28.251 35.855
6.1510e+07 47.341 -4.169 40.890 35.854 28.250 35.854
6.1610e+07 47.334 -4.175 40.889 35.852 28.249 35.852
6.1710e+07 47.332 -4.176 40.889 35.852 28.248 35.852
6.1810e+07 47.327 -4.180 40.888 35.850 28.247 35.850
6.1910e+07 47.321 -4.185 40.887 35.849 28.245 35.849
6.2010e+07 47.322 -4.184 40.886 35.850 28.246 35.850
6.2110e+07 47.320 -4.185 40.885 35.849 28.245 35.849
6.2210e+07 47.318 -4.187 40.885 35.844 28.240 35.844
6.2310e+07 47.317 -4.187 40.884 35.845 28.242 35.845
6.2410e+07 47.312 -4.191 40.883 35.845 28.242 35.845
6.2510e+07 47.307 -4.195 40.882 35.843 28.241 35.843
6.2610e+07 47.304 -4.197 40.882 35.842 28.239 35.842
6.2710e+07 47.306 -4.195 40.881 35.842 28.239 35.842
6.2810e+07 47.299 -4.201 40.880 35.839 28.236 35.839
6.2910e+07 47.297 -4.203 40.879 35.838 28.236 35.838
6.3010e+07 47.294 -4.204 40.879 35.837 28.235 35.837
6.3110e+07 47.292 -4.206 40.878 35.837 28.234 35.837
6.3210e+07 47.289 -4.208 40.877 35.836 28.233 35.836
6.3310e+07 47.286 -4.210 40.877 35.831 28.229 35.831
6.3410e+07 47.284 -4.212 40.876 35.830 28.228 35.830
6.3510e+07 47.281 -4.214 40.875 35.828 28.226 35.828
6.3610e+07 47.277 -4.217 40.874 35.827 28.226 35.827
6.3710e+07 47.277 -4.217 40.874 35.827 28.225 35.827
6.3810e+07 47.273 -4.221 40.873 35.825 28.224 35.825
6.3910e+07 47.275 -4.218 40.872 35.823 28.222 35.823
6.4010e+07 47.268 -4.224 40.871 35.825 28.223 35.825
6.4110e+07 47.264 -4.227 40.871 35.824 28.222 35.824
6.4210e+07 47.262 -4.229 40.870 35.820 28.219 35.820
6.4310e+07 47.259 -4.230 40.869 35.819 28.218 35.819
6.4410e+07 47.256 -4.233 40.868 35.819 28.218 35.819
6.4510e+07 47.251 -4.237 40.868 35.817 28.216 35.817
6.4610e+07 47.251 -4.236 40.867 35.818 28.217 35.818
6.4710e+07 47.247 -4.240 40.866 35.815 28.215 35.815
6.4810e+07 47.245 -4.241 40.866 35.814 28.213 35.814
6.4910e+07 47.249 -4.236 40.865 35.813 28.213 35.813
6.5010e+07 47.240 -4.244 40.864 35.812 28.212 35.812
6.5110e+07 47.238 -4.246 40.864 35.811 28.211 35.811
6.5210e+07 47.236 -4.247 40.863 35.812 28.212 35.812
6.5310e+07 47.234 -4.249 40.862 35.811 28.211 35.811
6.5410e+07 47.231 -4.251 40.862 35.810 28.210 35.810
6.5510e+07 47.229 -4.252 40.861 35.806 28.206 35.806
6.5610e+07 47.227 -4.254 40.860 35.805 28.206 35.805
6.5710e+07 47.224 -4.256 40.859 35.804 28.204 35.804
6.5810e+07 47.221 -4.258 40.859 35.804 28.204 35.804
6.5910e+07 47.219 -4.260 40.858 35.802 28.202 35.802
6.6010e+07 47.215 -4.262 40.857 35.802 28.202 35.802
6.6110e+07 47.212 -4.265 40.857 35.800 28.201 35.800
6.6210e+07 47.211 -4.266 40.856 35.798 28.198 35.798
6.6310e+07 47.209 -4.267 40.855 35.798 28.199 35.798
6.6410e+07 47.206 -4.269 40.855 35.796 28.197 35.796
6.6510e+07 47.205 -4.270 40.854 35.796 28.197 35.796
6.6610e+07 47.208 -4.266 40.853 35.793 28.195 35.793
6.6710e+07 47.200 -4.274 40.853 35.794 28.195 35.794
6.6810e+07 47.196 -4.277 40.852 35.793 28.195 35.793
6.6910e+07 47.197 -4.274 40.851 35.793 28.194 35.793
6.7010e+07 47.195 -4.276 40.851 35.791 28.193 35.791
6.7110e+07 47.192 -4.278 40.850 35.788 28.190 35.788
6.7210e+07 47.185 -4.285 40.849 35.786 28.189 35.786
6.7310e+07 47.183 -4.286 40.848 35.786 28.188 35.786
6.7410e+07 47.187 -4.281 40.848 35.783 28.186 35.783
6.7510e+07 47.185 -4.283 40.847 35.783 28.185 35.783
6.7610e+07 47.176 -4.291 40.847 35.785 28.187 35.785
6.7710e+07 47.182 -4.285 40.846 35.782 28.184 35.782
6.7810e+07 47.179 -4.287 40.845 35.781 28.184 35.781
6.7910e+07 47.176 -4.289 40.845 35.781 28.183 35.781
6.8010e+07 47.168 -4.297 40.844 35.778 28.181 35.778
6.8110e+07 47.162 -4.302 40.843 35.778 28.181 35.778
6.8210e+07 47.158 -4.305 40.843 35.777 28.180 35.777
6.8310e+07 47.157 -4.305 40.842 35.774 28.177 35.774
6.8410e+07 47.151 -4.310 40.841 35.775 28.178 35.775
6.8510e+07 47.149 -4.312 40.840 35.774 28.177 35.774
6.8610e+07 47.147 -4.314 40.839 35.771 28.174 35.771
6.8710e+07 47.145 -4.315 40.839 35.770 28.174 35.770
6.8810e+07 47.142 -4.317 40.838 35.770 28.174 35.770
6.8910e+07 47.143 -4.316 40.838 35.769 28.172 35.769
6.9010e+07 47.141 -4.318 40.838 35.768 28.172 35.768
6.9110e+07 47.137 -4.321 40.836 35.768 28.171 35.768
6.9210e+07 47.133 -4.324 40.836 35.766 28.170 35.766
6.9310e+07 47.129 -4.327 40.835 35.765 28.169 35.765
6.9410e+07 47.125 -4.330 40.834 35.764 28.169 35.764
6.9510e+07 47.123 -4.331 40.834 35.760 28.164 35.760
6.9610e+07 47.121 -4.333 40.833 35.762 28.167 35.762
6.9710e+07 47.118 -4.336 40.832 35.762 28.166 35.762
6.9810e+07 47.117 -4.336 40.832 35.760 28.165 35.760
6.9910e+07 47.114 -4.338 40.831 35.760 28.164 35.760
7.0010e+07 47.112 -4.340 40.831 35.756 28.161 35.756
7.0110e+07 47.109 -4.342 40.830 35.757 28.162 35.757
7.0210e+07 47.105 -4.345 40.829 35.753 28.158 35.753
7.0310e+07 47.104 -4.346 40.828 35.751 28.156 35.751
7.0410e+07 47.100 -4.349 40.828 35.754 28.159 35.754
7.0510e+07 47.099 -4.350 40.827 35.749 28.155 35.749
7.0610e+07 47.095 -4.352 40.826 35.753 28.159 35.753
7.0710e+07 47.090 -4.356 40.826 35.747 28.152 35.747
7.0810e+07 47.087 -4.359 40.825 35.746 28.151 35.746
7.0910e+07 47.086 -4.360 40.824 35.745 28.151 35.745
7.1010e+07 47.081 -4.364 40.824 35.744 28.150 35.744
7.1110e+07 47.082 -4.363 40.823 35.743 28.149 35.743
7.1210e+07 47.079 -4.364 40.823 35.744 28.150 35.744
7.1310e+07 47.077 -4.367 40.822 35.742 28.149 35.742
7.1410e+07 47.074 -4.368 40.821 35.741 28.148 35.741
7.1510e+07 47.072 -4.370 40.821 35.738 28.145 35.738
7.1610e+07 47.070 -4.372 40.820 35.740 28.146 35.740
7.1710e+07 47.065 -4.375 40.819 35.738 28.144 35.738
7.1810e+07 47.066 -4.374 40.819 35.737 28.143 35.737
7.1910e+07 47.061 -4.379 40.818 35.735 28.142 35.735
7.2010e+07 47.058 -4.381 40.817 35.734 28.141 35.734
7.2110e+07 47.054 -4.384 40.817 35.733 28.139 35.733
7.2210e+07 47.053 -4.385 40.816 35.732 28.139 35.732
7.2310e+07 47.051 -4.386 40.815 35.730 28.137 35.730
7.2410e+07 47.046 -4.390 40.815 35.729 28.137 35.729
7.2510e+07 47.043 -4.393 40.814 35.730 28.138 35.730
7.2610e+07 47.041 -4.394 40.814 35.729 28.136 35.729
7.2710e+07 47.035 -4.399 40.812 35.728 28.136 35.728
7.2810e+07 47.033 -4.401 40.812 35.727 28.135 35.727
7.2910e+07 47.029 -4.404 40.811 35.727 28.135 35.727
7.3010e+07 47.025 -4.407 40.811 35.725 28.133 35.725
7.3110e+07 47.027 -4.405 40.810 35.723 28.131 35.723
7.3210e+07 47.025 -4.406 40.810 35.723 28.132 35.723
7.3310e+07 47.025 -4.406 40.809 35.723 28.131 35.723
7.3410e+07 47.017 -4.413 40.808 35.722 28.130 35.722
7.3510e+07 47.015 -4.414 40.808 35.719 28.127 35.719
7.3610e+07 47.017 -4.412 40.807 35.720 28.129 35.720
7.3710e+07 47.014 -4.414 40.807 35.719 28.128 35.719
7.3810e+07 47.010 -4.418 40.806 35.717 28.125 35.717
7.3910e+07 47.006 -4.421 40.805 35.717 28.126 35.717
7.4010e+07 47.001 -4.425 40.804 35.716 28.126 35.716
7.4110e+07 47.001 -4.425 40.804 35.716 28.125 35.716
7.4210e+07 46.998 -4.427 40.803 35.714 28.123 35.714
7.4310e+07 46.997 -4.428 40.803 35.713 28.123 35.713
7.4410e+07 46.995 -4.429 40.802 35.709 28.119 35.709
7.4510e+07 46.994 -4.430 40.802 35.711 28.121 35.711
7.4610e+07 46.994 -4.429 40.802 35.710 28.120 35.710
7.4710e+07 46.988 -4.435 40.801 35.710 28.120 35.710
7.4810e+07 46.987 -4.435 40.800 35.707 28.117 35.707
7.4910e+07 46.987 -4.435 40.800 35.704 28.114 35.704
7.5010e+07 46.983 -4.437 40.799 35.701 28.111 35.701
7.5110e+07 46.982 -4.438 40.799 35.702 28.112 35.702
7.5210e+07 46.981 -4.439 40.798 35.702 28.112 35.702
7.5310e+07 46.979 -4.440 40.798 35.700 28.111 35.700
7.5410e+07 46.977 -4.442 40.797 35.702 28.113 35.702
7.5510e+07 46.977 -4.441 40.797 35.702 28.113 35.702
7.5610e+07 46.974 -4.443 40.796 35.700 28.111 35.700
7.5710e+07 46.970 -4.447 40.795 35.695 28.106 35.695
7.5810e+07 46.969 -4.448 40.794 35.692 28.103 35.692
7.5910e+07 46.966 -4.450 40.794 35.691 28.102 35.691
7.6010e+07 46.966 -4.449 40.793 35.693 28.105 35.693
7.6110e+07 46.965 -4.450 40.793 35.689 28.100 35.689
7.6210e+07 46.964 -4.451 40.792 35.688 28.099 35.688
7.6310e+07 46.961 -4.453 40.792 35.690 28.101 35.690
7.6410e+07 46.959 -4.454 40.791 35.686 28.098 35.686
7.6510e+07 46.957 -4.455 40.790 35.687 28.099 35.687
7.6610e+07 46.948 -4.463 40.789 35.684 28.096 35.684
7.6710e+07 46.949 -4.462 40.789 35.683 28.094 35.683
7.6810e+07 46.945 -4.465 40.788 35.686 28.098 35.686
7.6910e+07 46.942 -4.468 40.788 35.682 28.094 35.682
7.7010e+07 46.940 -4.470 40.787 35.681 28.093 35.681
7.7110e+07 46.937 -4.472 40.787 35.682 28.095 35.682
7.7210e+07 46.935 -4.473 40.786 35.680 28.093 35.680
7.7310e+07 46.930 -4.477 40.786 35.680 28.093 35.680
7.7410e+07 46.930 -4.476 40.785 35.679 28.091 35.679
7.7510e+07 46.932 -4.474 40.784 35.676 28.088 35.676
7.7610e+07 46.929 -4.477 40.784 35.674 28.087 35.674
7.7710e+07 46.925 -4.481 40.783 35.677 28.090 35.677
7.7810e+07 46.924 -4.481 40.782 35.674 28.086 35.674
7.7910e+07 46.921 -4.483 40.782 35.673 28.085 35.673
7.8010e+07 46.919 -4.484 40.781 35.672 28.085 35.672
7.8110e+07 46.916 -4.487 40.781 35.671 28.084 35.671
7.8210e+07 46.915 -4.488 40.780 35.670 28.083 35.670
7.8310e+07 46.912 -4.490 40.780 35.671 28.084 35.671
7.8410e+07 46.910 -4.491 40.779 35.669 28.082 35.669
7.8510e+07 46.907 -4.494 40.778 35.669 28.083 35.669
7.8610e+07 46.905 -4.494 40.778 35.668 28.082 35.668
7.8710e+07 46.900 -4.499 40.777 35.666 28.081 35.666
7.8810e+07 46.901 -4.498 40.777 35.667 28.081 35.667
7.8910e+07 46.898 -4.500 40.776 35.666 28.081 35.666
7.9010e+07 46.896 -4.502 40.776 35.665 28.079 35.665
7.9110e+07 46.892 -4.505 40.775 35.665 28.079 35.665
7.9210e+07 46.890 -4.507 40.775 35.663 28.078 35.663
7.9310e+07 46.891 -4.505 40.774 35.659 28.074 35.659
7.9410e+07 46.889 -4.506 40.773 35.661 28.076 35.661
7.9510e+07 46.886 -4.509 40.773 35.657 28.071 35.657
7.9610e+07 46.883 -4.512 40.772 35.660 28.075 35.660
7.9710e+07 46.882 -4.512 40.772 35.655 28.070 35.655
7.9810e+07 46.879 -4.515 40.771 35.657 28.073 35.657
7.9910e+07 46.874 -4.519 40.771 35.657 28.073 35.657
8.0010e+07 46.873 -4.519 40.770 35.657 28.073 35.657
8.0110e+07 46.869 -4.523 40.769 35.655 28.071 35.655
8.0210e+07 46.868 -4.523 40.769 35.653 28.069 35.653
8.0310e+07 46.867 -4.523 40.768 35.652 28.068 35.652
8.0410e+07 46.863 -4.527 40.768 35.648 28.063 35.648
8.0510e+07 46.860 -4.529 40.767 35.647 28.062 35.647
8.0610e+07 46.858 -4.531 40.766 35.647 28.062 35.647
8.0710e+07 46.855 -4.533 40.766 35.646 28.062 35.646
8.0810e+07 46.852 -4.535 40.765 35.645 28.061 35.645
8.0910e+07 46.850 -4.537 40.765 35.644 28.060 35.644
8.1010e+07 46.849 -4.538 40.764 35.643 28.059 35.643
8.1110e+07 46.846 -4.540 40.764 35.642 28.058 35.642
8.1210e+07 46.843 -4.543 40.763 35.637 28.054 35.637
8.1310e+07 46.841 -4.543 40.762 35.637 28.053 35.637
8.1410e+07 46.838 -4.547 40.762 35.636 28.052 35.636
8.1510e+07 46.837 -4.546 40.761 35.638 28.055 35.638
8.1610e+07 46.835 -4.548 40.761 35.635 28.051 35.635
8.1710e+07 46.832 -4.551 40.760 35.635 28.052 35.635
8.1810e+07 46.832 -4.551 40.760 35.635 28.051 35.635
8.1910e+07 46.827 -4.554 40.759 35.634 28.051 35.634
8.2010e+07 46.827 -4.554 40.759 35.634 28.051 35.634
8.2110e+07 46.823 -4.558 40.758 35.632 28.049 35.632
8.2210e+07 46.822 -4.558 40.757 35.629 28.046 35.629
8.2310e+07 46.820 -4.560 40.757 35.628 28.045 35.628
8.2410e+07 46.817 -4.562 40.756 35.626 28.043 35.626
8.2510e+07 46.822 -4.557 40.756 35.626 28.044 35.626
8.2610e+07 46.813 -4.565 40.755 35.628 28.045 35.628
8.2710e+07 46.816 -4.561 40.755 35.625 28.042 35.625
8.2810e+07 46.816 -4.561 40.754 35.623 28.041 35.623
8.2910e+07 46.813 -4.564 40.754 35.623 28.041 35.623
8.3010e+07 46.805 -4.571 40.753 35.623 28.041 35.623
8.3110e+07 46.800 -4.575 40.753 35.622 28.040 35.622
8.3210e+07 46.805 -4.570 40.752 35.620 28.038 35.620
8.3310e+07 46.807 -4.568 40.752 35.619 28.037 35.619
8.3410e+07 46.804 -4.570 40.751 35.620 28.038 35.620
8.3510e+07 46.801 -4.573 40.751 35.619 28.037 35.619
8.3610e+07 46.792 -4.581 40.750 35.615 28.033 35.615
8.3710e+07 46.792 -4.580 40.749 35.617 28.036 35.617
8.3810e+07 46.790 -4.581 40.749 35.616 28.035 35.616
8.3910e+07 46.781 -4.590 40.748 35.613 28.032 35.613
8.4010e+07 46.779 -4.592 40.748 35.613 28.031 35.613
8.4110e+07 46.776 -4.594 40.747 35.610 28.029 35.610
8.4210e+07 46.772 -4.598 40.746 35.610 28.028 35.610
8.4310e+07 46.769 -4.599 40.746 35.609 28.028 35.609
8.4410e+07 46.769 -4.599 40.746 35.611 28.030 35.611
8.4510e+07 46.766 -4.602 40.745 35.608 28.027 35.608
8.4610e+07 46.764 -4.604 40.745 35.608 28.027 35.608
8.4710e+07 46.760 -4.607 40.744 35.606 28.026 35.606
8.4810e+07 46.759 -4.608 40.743 35.604 28.023 35.604
8.4910e+07 46.755 -4.610 40.743 35.604 28.023 35.604
8.5010e+07 46.755 -4.611 40.742 35.601 28.021 35.601
8.5110e+07 46.751 -4.614 40.742 35.603 28.022 35.603
8.5210e+07 46.749 -4.615 40.741 35.601 28.021 35.601
8.5310e+07 46.748 -4.616 40.741 35.599 28.019 35.599
8.5410e+07 46.743 -4.620 40.740 35.601 28.020 35.601
8.5510e+07 46.742 -4.621 40.739 35.599 28.019 35.599
8.5610e+07 46.740 -4.622 40.739 35.599 28.019 35.599
8.5710e+07 46.737 -4.624 40.738 35.593 28.014 35.593
8.5810e+07 46.735 -4.626 40.738 35.593 28.013 35.593
8.5910e+07 46.732 -4.628 40.737 35.591 28.012 35.591
8.6010e+07 46.729 -4.631 40.737 35.591 28.012 35.591
8.6110e+07 46.728 -4.631 40.736 35.590 28.010 35.590
8.6210e+07 46.724 -4.635 40.736 35.593 28.013 35.593
8.6310e+07 46.724 -4.635 40.735 35.589 28.010 35.589
8.6410e+07 46.719 -4.638 40.735 35.592 28.013 35.592
8.6510e+07 46.718 -4.639 40.734 35.587 28.008 35.587
8.6610e+07 46.716 -4.641 40.734 35.589 28.010 35.589
8.6710e+07 46.712 -4.644 40.733 35.589 28.010 35.589
8.6810e+07 46.710 -4.645 40.732 35.584 28.005 35.584
8.6910e+07 46.708 -4.647 40.732 35.584 28.005 35.584
8.7010e+07 46.706 -4.649 40.731 35.583 28.005 35.583
8.7110e+07 46.703 -4.651 40.731 35.582 28.004 35.582
8.7210e+07 46.700 -4.654 40.730 35.581 28.002 35.581
8.7310e+07 46.698 -4.655 40.730 35.580 28.002 35.580
8.7410e+07 46.696 -4.657 40.729 35.580 28.001 35.580
8.7510e+07 46.694 -4.658 40.729 35.579 28.001 35.579
8.7610e+07 46.691 -4.661 40.728 35.579 28.001 35.579
8.7710e+07 46.688 -4.663 40.728 35.577 27.999 35.577
8.7810e+07 46.685 -4.665 40.727 35.575 27.998 35.575
8.7910e+07 46.685 -4.666 40.727 35.576 27.999 35.576
8.8010e+07 46.681 -4.669 40.726 35.572 27.995 35.572
8.8110e+07 46.678 -4.671 40.726 35.574 27.996 35.574
8.8210e+07 46.676 -4.673 40.725 35.569 27.992 35.569
8.8310e+07 46.674 -4.674 40.725 35.573 27.996 35.573
8.8410e+07 46.673 -4.675 40.724 35.572 27.995 35.572
8.8510e+07 46.668 -4.679 40.724 35.570 27.993 35.570
8.8610e+07 46.666 -4.681 40.723 35.568 27.991 35.568
8.8710e+07 46.666 -4.680 40.723 35.571 27.994 35.571
8.8810e+07 46.663 -4.682 40.722 35.566 27.989 35.566
8.8910e+07 46.659 -4.686 40.722 35.568 27.991 35.568
8.9010e+07 46.657 -4.688 40.721 35.563 27.986 35.563
8.9110e+07 46.656 -4.688 40.721 35.568 27.991 35.568
8.9210e+07 46.653 -4.690 40.720 35.566 27.989 35.566
8.9310e+07 46.649 -4.694 40.720 35.565 27.989 35.565
8.9410e+07 46.647 -4.696 40.719 35.560 27.984 35.560
8.9510e+07 46.646 -4.696 40.718 35.562 27.986 35.562
8.9610e+07 46.644 -4.698 40.718 35.559 27.983 35.559
8.9710e+07 46.639 -4.702 40.717 35.562 27.986 35.562
8.9810e+07 46.636 -4.704 40.717 35.557 27.981 35.557
8.9910e+07 46.637 -4.703 40.716 35.560 27.984 35.560
9.0010e+07 46.634 -4.706 40.716 35.557 27.981 35.557
9.0110e+07 46.629 -4.710 40.716 35.559 27.983 35.559
9.0210e+07 46.627 -4.711 40.715 35.555 27.980 35.555
9.0310e+07 46.626 -4.712 40.714 35.557 27.982 35.557
9.0410e+07 46.623 -4.714 40.714 35.553 27.978 35.553
9.0510e+07 46.619 -4.718 40.713 35.553 27.977 35.553
9.0610e+07 46.618 -4.719 40.713 35.552 27.977 35.552
9.0710e+07 46.617 -4.720 40.712 35.554 27.978 35.554
9.0810e+07 46.613 -4.722 40.712 35.552 27.977 35.552
9.0910e+07 46.609 -4.726 40.711 35.550 27.975 35.550
9.1010e+07 46.608 -4.727 40.711 35.549 27.974 35.549
9.1110e+07 46.605 -4.729 40.710 35.550 27.975 35.550
9.1210e+07 46.604 -4.730 40.710 35.548 27.973 35.548
9.1310e+07 46.599 -4.734 40.709 35.548 27.973 35.548
9.1410e+07 46.597 -4.736 40.709 35.547 27.972 35.547
9.1510e+07 46.595 -4.737 40.708 35.546 27.972 35.546
9.1610e+07 46.592 -4.740 40.708 35.546 27.971 35.546
9.1710e+07 46.589 -4.742 40.707 35.545 27.970 35.545
9.1810e+07 46.585 -4.746 40.707 35.544 27.970 35.544
9.1910e+07 46.586 -4.744 40.706 35.542 27.967 35.542
9.2010e+07 46.586 -4.744 40.706 35.545 27.971 35.545
9.2110e+07 46.585 -4.744 40.705 35.540 27.966 35.540
9.2210e+07 46.582 -4.747 40.705 35.538 27.964 35.538
9.2310e+07 46.578 -4.751 40.704 35.540 27.966 35.540
9.2410e+07 46.578 -4.750 40.704 35.540 27.966 35.540
9.2510e+07 46.577 -4.750 40.703 35.538 27.964 35.538
9.2610e+07 46.573 -4.755 40.703 35.538 27.964 35.538
9.2710e+07 46.571 -4.756 40.703 35.537 27.964 35.537
9.2810e+07 46.574 -4.752 40.702 35.537 27.963 35.537
9.2910e+07 46.571 -4.755 40.702 35.536 27.963 35.536
9.3010e+07 46.568 -4.757 40.701 35.535 27.962 35.535
9.3110e+07 46.566 -4.759 40.701 35.535 27.962 35.535
9.3210e+07 46.566 -4.758 40.700 35.535 27.962 35.535
9.3310e+07 46.565 -4.759 40.700 35.535 27.961 35.535
9.3410e+07 46.563 -4.761 40.699 35.535 27.961 35.535
9.3510e+07 46.564 -4.759 40.699 35.532 27.959 35.532
9.3610e+07 46.560 -4.762 40.699 35.532 27.959 35.532
9.3710e+07 46.560 -4.762 40.698 35.532 27.959 35.532
9.3810e+07 46.558 -4.764 40.698 35.532 27.959 35.532
9.3910e+07 46.555 -4.766 40.697 35.527 27.954 35.527
9.4010e+07 46.554 -4.767 40.697 35.530 27.957 35.530
9.4110e+07 46.553 -4.768 40.696 35.526 27.954 35.526
9.4210e+07 46.551 -4.769 40.696 35.527 27.955 35.527
9.4310e+07 46.547 -4.772 40.695 35.524 27.952 35.524
9.4410e+07 46.545 -4.775 40.695 35.524 27.952 35.524
9.4510e+07 46.545 -4.773 40.695 35.523 27.951 35.523
9.4610e+07 46.542 -4.776 40.694 35.525 27.953 35.525
9.4710e+07 46.542 -4.775 40.694 35.524 27.952 35.524
9.4810e+07 46.540 -4.777 40.693 35.524 27.952 35.524
9.4910e+07 46.538 -4.779 40.693 35.524 27.952 35.524
9.5010e+07 46.537 -4.779 40.692 35.522 27.950 35.522
9.5110e+07 46.533 -4.783 40.692 35.522 27.951 35.522
9.5210e+07 46.532 -4.784 40.691 35.520 27.949 35.520
9.5310e+07 46.526 -4.789 40.690 35.517 27.946 35.517
9.5410e+07 46.525 -4.789 40.690 35.520 27.949 35.520
9.5510e+07 46.524 -4.790 40.689 35.518 27.947 35.518
9.5610e+07 46.522 -4.791 40.689 35.518 27.947 35.518
9.5710e+07 46.519 -4.794 40.688 35.512 27.941 35.512
9.5810e+07 46.518 -4.794 40.688 35.512 27.941 35.512
9.5910e+07 46.516 -4.796 40.688 35.510 27.939 35.510
9.6010e+07 46.515 -4.796 40.687 35.510 27.939 35.510
9.6110e+07 46.513 -4.797 40.687 35.509 27.939 35.509
9.6210e+07 46.509 -4.801 40.686 35.508 27.938 35.508
9.6310e+07 46.510 -4.801 40.686 35.508 27.938 35.508
9.6410e+07 46.505 -4.804 40.685 35.509 27.939 35.509
9.6510e+07 46.504 -4.805 40.685 35.506 27.936 35.506
9.6610e+07 46.502 -4.806 40.684 35.506 27.936 35.506
9.6710e+07 46.502 -4.806 40.684 35.505 27.936 35.505
9.6810e+07 46.500 -4.807 40.684 35.505 27.935 35.505
9.6910e+07 46.497 -4.810 40.683 35.504 27.934 35.504
9.7010e+07 46.497 -4.810 40.682 35.505 27.935 35.505
9.7110e+07 46.494 -4.813 40.682 35.504 27.934 35.504
9.7210e+07 46.491 -4.815 40.682 35.504 27.935 35.504
9.7310e+07 46.491 -4.815 40.681 35.504 27.934 35.504
9.7410e+07 46.487 -4.818 40.681 35.502 27.932 35.502
9.7510e+07 46.488 -4.817 40.680 35.502 27.932 35.502
9.7610e+07 46.487 -4.817 40.680 35.502 27.932 35.502
9.7710e+07 46.482 -4.822 40.679 35.501 27.932 35.501
9.7810e+07 46.482 -4.821 40.679 35.501 27.932 35.501
9.7910e+07 46.476 -4.826 40.679 35.500 27.931 35.500
9.8010e+07 46.476 -4.826 40.678 35.500 27.931 35.500
9.8110e+07 46.477 -4.825 40.678 35.499 27.931 35.499
9.8210e+07 46.473 -4.828 40.677 35.498 27.929 35.498
9.8310e+07 46.472 -4.829 40.677 35.498 27.929 35.498
9.8410e+07 46.469 -4.831 40.676 35.496 27.928 35.496
9.8510e+07 46.467 -4.833 40.676 35.496 27.928 35.496
9.8610e+07 46.468 -4.832 40.675 35.494 27.926 35.494
9.8710e+07 46.462 -4.837 40.675 35.495 27.926 35.495
9.8810e+07 46.462 -4.837 40.675 35.495 27.926 35.495
9.8910e+07 46.459 -4.839 40.674 35.494 27.926 35.494
9.9010e+07 46.459 -4.839 40.674 35.494 27.925 35.494
9.9110e+07 46.458 -4.839 40.673 35.493 27.925 35.493
9.9210e+07 46.456 -4.841 40.673 35.492 27.924 35.492
9.9310e+07 46.451 -4.846 40.672 35.488 27.920 35.488
9.9410e+07 46.448 -4.848 40.672 35.491 27.923 35.491
9.9510e+07 46.450 -4.846 40.671 35.484 27.916 35.484
9.9610e+07 46.447 -4.848 40.671 35.483 27.916 35.483
9.9710e+07 46.445 -4.850 40.670 35.482 27.915 35.482
9.9810e+07 46.443 -4.852 40.670 35.484 27.917 35.484
9.9910e+07 46.439 -4.856 40.670 35.482 27.914 35.482
