1.0000e+04 52.732 -0.251 42.538 40.087 31.825 40.087
1.1000e+05 52.736 -0.250 42.541 40.086 31.827 40.086
2.1000e+05 52.737 -0.254 42.545 40.092 31.837 40.092
3.1000e+05 52.738 -0.258 42.549 40.099 31.848 40.099
4.1000e+05 52.740 -0.261 42.553 40.105 31.858 40.105
5.1000e+05 52.743 -0.262 42.558 40.111 31.868 40.111
6.1000e+05 52.745 -0.266 42.563 40.117 31.878 40.117
7.1000e+05 52.748 -0.268 42.567 40.123 31.888 40.123
8.1000e+05 52.752 -0.269 42.572 40.128 31.897 40.128
9.1000e+05 52.755 -0.271 42.577 40.134 31.907 40.134
1.0100e+06 52.758 -0.274 42.583 40.139 31.916 40.139
1.1100e+06 52.762 -0.275 42.588 40.144 31.926 40.144
1.2100e+06 52.767 -0.276 42.593 40.150 31.936 40.150
1.3100e+06 52.773 -0.275 42.599 40.155 31.947 40.155
1.4100e+06 52.779 -0.275 42.604 40.161 31.957 40.161
1.5100e+06 52.783 -0.276 42.610 40.166 31.967 40.166
1.6100e+06 52.789 -0.276 42.616 40.171 31.977 40.171
1.7100e+06 52.795 -0.276 42.622 40.175 31.988 40.175
1.8100e+06 52.802 -0.275 42.627 40.179 31.998 40.179
1.9100e+06 52.809 -0.276 42.633 40.183 32.008 40.183
2.0100e+06 52.814 -0.279 42.639 40.172 32.008 40.172
2.1100e+06 52.820 -0.281 42.645 40.147 32.001 40.147
2.2100e+06 52.825 -0.285 42.652 40.129 31.998 40.129
2.3100e+06 52.834 -0.284 42.658 40.111 31.996 40.111
2.4100e+06 52.828 -0.301 42.664 40.097 31.997 40.097
2.5100e+06 52.818 -0.323 42.670 40.083 31.998 40.083
2.6100e+06 52.809 -0.342 42.675 40.075 32.002 40.075
2.7100e+06 52.800 -0.360 42.680 40.068 32.008 40.068
2.8100e+06 52.791 -0.382 42.688 40.069 32.021 40.069
2.9100e+06 52.782 -0.402 42.695 40.066 32.031 40.066
3.0100e+06 52.782 -0.412 42.701 40.071 32.046 40.071
3.1100e+06 52.793 -0.408 42.706 40.234 32.228 40.234
3.2100e+06 52.796 -0.402 42.704 40.320 32.322 40.320
3.3100e+06 52.804 -0.384 42.699 40.326 32.331 40.326
3.4100e+06 52.803 -0.381 42.695 40.315 32.323 40.315
3.5100e+06 52.809 -0.367 42.691 40.321 32.327 40.321
3.6100e+06 52.797 -0.371 42.684 40.428 32.316 40.313
3.7100e+06 52.775 -0.382 42.673 40.491 32.299 40.295
3.8100e+06 52.751 -0.396 42.661 40.469 32.265 40.262
3.9100e+06 52.721 -0.414 42.647 40.438 32.212 40.210
4.0100e+06 52.693 -0.424 42.632 40.425 32.175 40.173
4.1100e+06 52.668 -0.434 42.616 40.417 32.157 40.157
4.2100e+06 52.640 -0.445 42.600 40.395 32.134 40.133
4.3100e+06 52.615 -0.454 42.584 40.385 32.116 40.114
4.4100e+06 52.589 -0.463 42.569 40.376 32.101 40.097
4.5100e+06 52.565 -0.471 42.554 40.380 32.091 40.083
4.6100e+06 52.536 -0.485 42.539 40.356 32.063 40.056
4.7100e+06 52.506 -0.505 42.524 40.349 32.027 40.017
4.8100e+06 52.482 -0.514 42.509 40.324 31.998 39.985
4.9100e+06 52.452 -0.531 42.495 40.319 31.971 39.957
5.0100e+06 52.427 -0.548 42.480 40.319 31.954 39.937
5.1100e+06 52.403 -0.557 42.465 40.315 31.935 39.917
5.2100e+06 52.370 -0.580 42.451 40.321 31.913 39.891
5.3100e+06 52.346 -0.591 42.436 40.304 31.897 39.874
5.4100e+06 52.321 -0.601 42.422 40.304 31.888 39.863
5.5100e+06 52.295 -0.611 42.408 40.301 31.870 39.845
5.6100e+06 52.267 -0.625 42.394 40.300 31.859 39.833
5.7100e+06 52.228 -0.656 42.380 40.295 31.830 39.812
5.8100e+06 52.199 -0.669 42.366 40.289 31.777 39.782
5.9100e+06 52.180 -0.673 42.351 40.287 31.748 39.767
6.0100e+06 52.144 -0.702 42.338 40.297 31.713 39.736
6.1100e+06 52.120 -0.715 42.326 40.274 31.673 39.700
6.2100e+06 52.069 -0.758 42.314 40.263 31.637 39.668
6.3100e+06 52.049 -0.767 42.304 40.248 31.610 39.642
6.4100e+06 52.028 -0.777 42.293 40.241 31.578 39.610
6.5100e+06 52.007 -0.787 42.281 40.258 31.582 39.610
6.6100e+06 51.981 -0.801 42.271 40.253 31.564 39.585
6.7100e+06 51.892 -0.880 42.265 40.239 31.655 39.594
6.8100e+06 51.871 -0.888 42.254 40.233 31.596 39.565
6.9100e+06 51.842 -0.902 42.243 40.247 31.571 39.546
7.0100e+06 51.820 -0.911 42.232 40.227 31.556 39.531
7.1100e+06 51.789 -0.929 42.221 40.225 31.541 39.516
7.2100e+06 51.760 -0.948 42.210 40.216 31.498 39.464
7.3100e+06 51.720 -0.981 42.199 40.222 31.447 39.392
7.4100e+06 51.683 -1.015 42.188 40.214 31.381 39.283
7.5100e+06 51.620 -1.085 42.177 40.211 31.330 39.215
7.6100e+06 51.590 -1.114 42.166 40.211 31.293 39.168
7.7100e+06 51.544 -1.155 42.155 40.212 31.265 39.134
7.8100e+06 51.508 -1.186 42.144 40.213 31.237 39.099
7.9100e+06 51.467 -1.221 42.133 40.215 31.215 39.070
8.0100e+06 51.433 -1.247 42.122 40.217 31.196 39.042
8.1100e+06 51.399 -1.274 42.111 40.219 31.168 39.013
8.2100e+06 51.365 -1.298 42.100 40.222 31.142 38.987
8.3100e+06 51.323 -1.330 42.089 40.224 31.113 38.959
8.4100e+06 51.248 -1.395 42.078 40.226 31.088 38.925
8.5100e+06 51.179 -1.452 42.066 40.227 31.044 38.854
8.6100e+06 51.109 -1.515 42.055 40.226 31.001 38.785
8.7100e+06 51.071 -1.546 42.044 40.179 30.991 38.772
8.8100e+06 51.032 -1.579 42.034 40.176 30.981 38.761
8.9100e+06 50.989 -1.614 42.024 40.173 30.964 38.746
9.0100e+06 50.949 -1.648 42.015 40.170 30.952 38.730
9.1100e+06 50.914 -1.675 42.005 40.168 30.943 38.719
9.2100e+06 50.883 -1.698 41.996 40.165 30.918 38.700
9.3100e+06 50.852 -1.721 41.986 40.162 30.881 38.679
9.4100e+06 50.812 -1.754 41.977 40.159 30.847 38.653
9.5100e+06 50.764 -1.794 41.968 40.155 30.822 38.601
9.6100e+06 50.729 -1.820 41.959 40.153 30.833 38.603
9.7100e+06 50.699 -1.843 41.950 40.151 30.831 38.595
9.8100e+06 50.678 -1.856 41.941 40.149 30.833 38.587
9.9100e+06 50.658 -1.867 41.932 40.147 30.838 38.583
1.0010e+07 50.638 -1.878 41.923 40.145 30.843 38.580
1.0110e+07 50.619 -1.889 41.915 40.143 30.839 38.570
1.0210e+07 50.603 -1.897 41.906 40.141 30.849 38.572
1.0310e+07 50.561 -1.930 41.897 40.138 30.824 38.542
1.0410e+07 50.386 -2.092 41.889 40.136 30.809 38.525
1.0510e+07 50.278 -2.190 41.881 40.120 30.767 38.439
1.0610e+07 50.248 -2.213 41.874 40.091 30.736 38.410
1.0710e+07 50.224 -2.231 41.867 40.086 30.716 38.393
1.0810e+07 50.199 -2.250 41.860 40.082 30.701 38.378
1.0910e+07 50.176 -2.267 41.854 40.077 30.676 38.355
1.1010e+07 50.151 -2.285 41.847 40.073 30.662 38.341
1.1110e+07 50.137 -2.294 41.841 40.068 30.642 38.323
1.1210e+07 50.120 -2.305 41.835 40.064 30.622 38.303
1.1310e+07 50.103 -2.316 41.829 40.060 30.607 38.288
1.1410e+07 50.084 -2.329 41.823 40.056 30.589 38.271
1.1510e+07 50.064 -2.344 41.817 40.052 30.573 38.255
1.1610e+07 50.047 -2.355 41.812 40.048 30.553 38.235
1.1710e+07 50.028 -2.369 41.806 40.044 30.538 38.218
1.1810e+07 50.013 -2.379 41.801 40.041 30.523 38.203
1.1910e+07 49.990 -2.396 41.795 40.037 30.513 38.191
1.2010e+07 49.973 -2.408 41.790 40.033 30.493 38.171
1.2110e+07 49.956 -2.421 41.785 40.030 30.469 38.148
1.2210e+07 49.931 -2.442 41.780 40.026 30.453 38.131
1.2310e+07 49.915 -2.453 41.775 40.023 30.433 38.111
1.2410e+07 49.899 -2.464 41.770 40.019 30.358 38.056
1.2510e+07 49.883 -2.476 41.765 40.015 30.323 38.026
1.2610e+07 49.872 -2.482 41.761 40.012 30.252 37.973
1.2710e+07 49.853 -2.497 41.756 40.008 30.108 37.875
1.2810e+07 49.837 -2.509 41.751 40.005 30.040 37.832
1.2910e+07 49.821 -2.520 41.746 40.001 30.028 37.819
1.3010e+07 49.804 -2.533 41.742 39.998 30.017 37.807
1.3110e+07 49.789 -2.543 41.737 39.996 30.004 37.793
1.3210e+07 49.774 -2.555 41.733 39.993 29.991 37.780
1.3310e+07 49.757 -2.568 41.729 39.990 29.980 37.767
1.3410e+07 49.742 -2.578 41.724 39.987 29.968 37.754
1.3510e+07 49.722 -2.594 41.720 39.984 29.955 37.740
1.3610e+07 49.706 -2.607 41.716 39.981 29.944 37.727
1.3710e+07 49.686 -2.622 41.712 39.978 29.937 37.716
1.3810e+07 49.671 -2.634 41.708 39.976 29.917 37.695
1.3910e+07 49.653 -2.649 41.704 39.973 29.896 37.673
1.4010e+07 49.638 -2.660 41.700 39.970 29.874 37.649
1.4110e+07 49.623 -2.671 41.696 39.967 29.853 37.626
1.4210e+07 49.605 -2.686 41.692 39.965 29.837 37.607
1.4310e+07 49.591 -2.696 41.689 39.962 29.823 37.589
1.4410e+07 49.577 -2.706 41.685 39.960 29.812 37.573
1.4510e+07 49.564 -2.716 41.681 39.957 29.799 37.557
1.4610e+07 49.547 -2.729 41.677 39.955 29.789 37.542
1.4710e+07 49.535 -2.737 41.674 39.952 29.779 37.528
1.4810e+07 49.519 -2.749 41.670 39.950 29.767 37.511
1.4910e+07 49.502 -2.762 41.666 39.947 29.756 37.497
1.5010e+07 49.490 -2.771 41.662 39.945 29.745 37.482
1.5110e+07 49.474 -2.784 41.658 39.959 29.733 37.468
1.5210e+07 49.461 -2.792 41.654 39.978 29.721 37.453
1.5310e+07 49.450 -2.799 41.649 39.977 29.710 37.439
1.5410e+07 49.432 -2.813 41.645 39.976 29.697 37.424
1.5510e+07 49.415 -2.825 41.640 39.975 29.686 37.411
1.5610e+07 49.398 -2.839 41.636 39.974 29.674 37.396
1.5710e+07 49.387 -2.845 41.632 39.972 29.663 37.383
1.5810e+07 49.369 -2.859 41.628 39.971 29.652 37.369
1.5910e+07 49.359 -2.865 41.623 39.970 29.640 37.355
1.6010e+07 49.340 -2.880 41.619 39.969 29.629 37.341
1.6110e+07 49.322 -2.894 41.614 39.968 29.618 37.328
1.6210e+07 49.307 -2.905 41.610 39.967 29.607 37.314
1.6310e+07 49.297 -2.911 41.606 39.966 29.596 37.301
1.6410e+07 49.288 -2.917 41.603 39.965 29.585 37.288
1.6510e+07 49.274 -2.927 41.598 39.963 29.574 37.274
1.6610e+07 49.262 -2.934 41.594 39.962 29.563 37.260
1.6710e+07 49.252 -2.940 41.590 39.961 29.552 37.247
1.6810e+07 49.236 -2.952 41.586 39.960 29.542 37.233
1.6910e+07 49.228 -2.957 41.582 39.959 29.531 37.220
1.7010e+07 49.218 -2.963 41.578 39.958 29.520 37.206
1.7110e+07 49.202 -2.975 41.574 39.957 29.510 37.193
1.7210e+07 49.191 -2.982 41.570 39.956 29.499 37.180
1.7310e+07 49.179 -2.991 41.566 39.955 29.489 37.166
1.7410e+07 49.167 -2.999 41.562 39.954 29.478 37.153
1.7510e+07 49.153 -3.009 41.558 39.953 29.468 37.140
1.7610e+07 49.145 -3.013 41.555 39.952 29.457 37.126
1.7710e+07 49.132 -3.023 41.551 39.951 29.447 37.113
1.7810e+07 49.114 -3.037 41.547 39.950 29.436 37.099
1.7910e+07 49.107 -3.040 41.543 39.949 29.426 37.086
1.8010e+07 49.091 -3.052 41.539 39.948 29.416 37.072
1.8110e+07 49.081 -3.060 41.536 39.947 29.406 37.059
1.8210e+07 49.067 -3.070 41.532 39.946 29.395 37.045
1.8310e+07 49.058 -3.075 41.528 39.944 29.385 37.031
1.8410e+07 49.045 -3.085 41.525 39.944 29.375 37.017
1.8510e+07 49.031 -3.095 41.521 39.943 29.364 37.003
1.8610e+07 49.022 -3.101 41.517 39.942 29.354 36.989
1.8710e+07 49.004 -3.115 41.514 39.941 29.344 36.977
1.8810e+07 48.997 -3.119 41.510 39.940 29.335 36.965
1.8910e+07 48.984 -3.129 41.506 39.939 29.326 36.953
1.9010e+07 48.978 -3.131 41.503 39.938 29.316 36.941
1.9110e+07 48.966 -3.139 41.499 39.937 29.306 36.929
1.9210e+07 48.959 -3.143 41.496 39.936 29.297 36.918
1.9310e+07 48.953 -3.145 41.492 39.935 29.287 36.907
1.9410e+07 48.942 -3.153 41.489 39.934 29.278 36.896
1.9510e+07 48.929 -3.162 41.485 39.933 29.268 36.884
1.9610e+07 48.918 -3.169 41.481 39.932 29.258 36.873
1.9710e+07 48.913 -3.171 41.477 39.931 29.249 36.862
1.9810e+07 48.904 -3.177 41.474 39.930 29.239 36.851
1.9910e+07 48.891 -3.186 41.470 39.929 29.228 36.840
2.0010e+07 48.882 -3.192 41.467 39.928 29.219 36.829
2.0110e+07 48.878 -3.192 41.463 39.927 29.208 36.818
2.0210e+07 48.867 -3.200 41.459 39.926 29.198 36.808
2.0310e+07 48.858 -3.205 41.456 39.925 29.188 36.797
2.0410e+07 48.848 -3.212 41.452 39.925 29.178 36.786
2.0510e+07 48.844 -3.212 41.449 39.924 29.167 36.776
2.0610e+07 48.832 -3.221 41.445 39.923 29.157 36.765
2.0710e+07 48.825 -3.224 41.442 39.922 29.147 36.755
2.0810e+07 48.816 -3.230 41.438 39.896 29.137 36.745
2.0910e+07 48.806 -3.237 41.435 39.886 29.129 36.734
2.1010e+07 48.798 -3.243 41.433 39.885 29.120 36.724
2.1110e+07 48.786 -3.252 41.430 39.883 29.111 36.714
2.1210e+07 48.776 -3.259 41.427 39.881 29.103 36.704
2.1310e+07 48.766 -3.267 41.424 39.879 29.094 36.694
2.1410e+07 48.763 -3.267 41.421 39.878 29.086 36.684
2.1510e+07 48.751 -3.277 41.419 39.876 29.078 36.674
2.1610e+07 48.742 -3.282 41.416 39.874 29.069 36.664
2.1710e+07 48.732 -3.290 41.413 39.873 29.061 36.655
2.1810e+07 48.725 -3.295 41.411 39.871 29.055 36.645
2.1910e+07 48.717 -3.300 41.408 39.869 29.045 36.635
2.2010e+07 48.706 -3.309 41.405 39.868 29.037 36.626
2.2110e+07 48.698 -3.314 41.402 39.866 29.029 36.616
2.2210e+07 48.686 -3.323 41.400 39.865 29.021 36.607
2.2310e+07 48.684 -3.322 41.397 39.863 29.013 36.597
2.2410e+07 48.670 -3.334 41.394 39.861 29.005 36.588
2.2510e+07 48.663 -3.338 41.392 39.859 28.997 36.579
2.2610e+07 48.657 -3.343 41.389 39.858 28.990 36.570
2.2710e+07 48.650 -3.347 41.387 39.856 28.982 36.560
2.2810e+07 48.644 -3.351 41.385 39.855 28.974 36.550
2.2910e+07 48.639 -3.354 41.382 39.853 28.967 36.541
2.3010e+07 48.633 -3.357 41.380 39.852 28.959 36.532
2.3110e+07 48.620 -3.367 41.377 39.850 28.952 36.523
2.3210e+07 48.611 -3.374 41.375 39.849 28.944 36.514
2.3310e+07 48.609 -3.374 41.372 39.847 28.937 36.506
2.3410e+07 48.602 -3.379 41.370 39.846 28.930 36.497
2.3510e+07 48.595 -3.383 41.367 39.844 28.923 36.488
2.3610e+07 48.587 -3.389 41.365 39.843 28.917 36.479
2.3710e+07 48.580 -3.394 41.363 39.841 28.909 36.471
2.3810e+07 48.570 -3.401 41.361 39.840 28.904 36.462
2.3910e+07 48.567 -3.402 41.359 39.838 28.897 36.453
2.4010e+07 48.562 -3.405 41.356 39.837 28.888 36.445
2.4110e+07 48.549 -3.415 41.353 39.835 28.881 36.437
2.4210e+07 48.545 -3.417 41.351 39.833 28.874 36.429
2.4310e+07 48.538 -3.423 41.350 39.832 28.870 36.420
2.4410e+07 48.534 -3.424 41.347 39.831 28.861 36.412
2.4510e+07 48.526 -3.430 41.344 39.829 28.854 36.403
2.4610e+07 48.518 -3.435 41.342 39.828 28.847 36.395
2.4710e+07 48.515 -3.436 41.340 39.827 28.841 36.387
2.4810e+07 48.500 -3.450 41.339 39.825 28.838 36.379
2.4910e+07 48.497 -3.450 41.336 39.824 28.829 36.371
2.5010e+07 48.497 -3.448 41.334 39.822 28.822 36.363
2.5110e+07 48.485 -3.458 41.331 39.821 28.815 36.356
2.5210e+07 48.476 -3.465 41.329 39.820 28.808 36.347
2.5310e+07 48.469 -3.470 41.327 39.818 28.803 36.339
2.5410e+07 48.462 -3.474 41.325 39.817 28.795 36.331
2.5510e+07 48.456 -3.479 41.323 39.816 28.790 36.324
2.5610e+07 48.450 -3.483 41.321 39.814 28.784 36.315
2.5710e+07 48.443 -3.487 41.318 39.813 28.777 36.308
2.5810e+07 48.435 -3.494 41.317 39.811 28.772 36.300
2.5910e+07 48.430 -3.497 41.314 39.810 28.765 36.292
2.6010e+07 48.420 -3.504 41.312 39.809 28.759 36.285
2.6110e+07 48.415 -3.507 41.310 39.807 28.752 36.277
2.6210e+07 48.410 -3.511 41.308 39.806 28.747 36.269
2.6310e+07 48.402 -3.517 41.306 39.805 28.741 36.262
2.6410e+07 48.395 -3.521 41.304 39.803 28.735 36.255
2.6510e+07 48.386 -3.529 41.302 39.802 28.729 36.247
2.6610e+07 48.380 -3.533 41.300 39.801 28.724 36.240
2.6710e+07 48.369 -3.542 41.298 39.799 28.718 36.232
2.6810e+07 48.367 -3.542 41.296 39.798 28.712 36.225
2.6910e+07 48.361 -3.546 41.294 39.797 28.706 36.217
2.7010e+07 48.357 -3.549 41.293 39.796 28.700 36.210
2.7110e+07 48.352 -3.552 41.291 39.794 28.694 36.203
2.7210e+07 48.346 -3.556 41.289 39.793 28.688 36.195
2.7310e+07 48.343 -3.558 41.287 39.792 28.683 36.188
2.7410e+07 48.337 -3.562 41.285 39.791 28.677 36.181
2.7510e+07 48.329 -3.568 41.283 39.789 28.672 36.174
2.7610e+07 48.323 -3.572 41.281 39.788 28.666 36.167
2.7710e+07 48.317 -3.576 41.280 39.787 28.661 36.159
2.7810e+07 48.309 -3.583 41.278 39.786 28.655 36.152
2.7910e+07 48.304 -3.586 41.276 39.784 28.650 36.145
2.8010e+07 48.301 -3.587 41.274 39.783 28.645 36.138
2.8110e+07 48.294 -3.592 41.273 39.782 28.642 36.132
2.8210e+07 48.293 -3.592 41.271 39.781 28.637 36.125
2.8310e+07 48.282 -3.601 41.269 39.780 28.631 36.117
2.8410e+07 48.278 -3.603 41.267 39.778 28.624 36.110
2.8510e+07 48.269 -3.610 41.265 39.777 28.618 36.103
2.8610e+07 48.266 -3.612 41.264 39.776 28.614 36.096
2.8710e+07 48.261 -3.615 41.262 39.775 28.609 36.090
2.8810e+07 48.255 -3.619 41.260 39.773 28.602 36.083
2.8910e+07 48.248 -3.624 41.258 39.773 28.597 36.075
2.9010e+07 48.241 -3.630 41.257 39.771 28.592 36.068
2.9110e+07 48.235 -3.634 41.255 39.770 28.587 36.062
2.9210e+07 48.231 -3.637 41.254 39.769 28.582 36.054
2.9310e+07 48.229 -3.637 41.252 39.768 28.576 36.049
2.9410e+07 48.226 -3.638 41.250 39.766 28.572 36.042
2.9510e+07 48.212 -3.651 41.249 39.765 28.567 36.034
2.9610e+07 48.208 -3.653 41.247 39.764 28.561 36.028
2.9710e+07 48.199 -3.661 41.245 39.763 28.557 36.021
2.9810e+07 48.193 -3.665 41.244 39.762 28.552 36.014
2.9910e+07 48.187 -3.670 41.242 39.761 28.547 36.007
3.0010e+07 48.184 -3.671 41.241 39.760 28.543 36.002
3.0110e+07 48.179 -3.675 41.239 39.759 28.537 35.996
3.0210e+07 48.171 -3.681 41.237 39.757 28.532 35.987
3.0310e+07 48.164 -3.687 41.235 39.756 28.527 35.981
3.0410e+07 48.156 -3.693 41.234 39.755 28.522 35.974
3.0510e+07 48.149 -3.698 41.232 39.754 28.518 35.968
3.0610e+07 48.145 -3.701 41.231 39.753 28.513 35.961
3.0710e+07 48.142 -3.702 41.229 39.752 28.509 35.956
3.0810e+07 48.132 -3.711 41.228 39.751 28.504 35.947
3.0910e+07 48.128 -3.713 41.226 39.750 28.499 35.941
3.1010e+07 48.121 -3.719 41.224 39.749 28.494 35.935
3.1110e+07 48.115 -3.724 41.223 39.747 28.490 35.929
3.1210e+07 48.110 -3.727 41.222 39.747 28.485 35.922
3.1310e+07 48.103 -3.733 41.220 39.745 28.480 35.916
3.1410e+07 48.098 -3.736 41.218 39.744 28.475 35.910
3.1510e+07 48.093 -3.740 41.217 39.743 28.471 35.903
3.1610e+07 48.087 -3.745 41.216 39.742 28.467 35.896
3.1710e+07 48.082 -3.747 41.214 39.741 28.463 35.889
3.1810e+07 48.079 -3.750 41.213 39.740 28.459 35.882
3.1910e+07 48.071 -3.757 41.212 39.739 28.454 35.875
3.2010e+07 48.066 -3.761 41.210 39.738 28.450 35.868
3.2110e+07 48.062 -3.763 41.209 39.737 28.447 35.861
3.2210e+07 48.058 -3.765 41.208 39.736 28.441 35.852
3.2310e+07 48.049 -3.773 41.206 39.735 28.454 35.876
3.2410e+07 48.045 -3.776 41.205 39.734 28.468 35.905
3.2510e+07 48.041 -3.778 41.203 39.732 28.477 35.921
3.2610e+07 48.033 -3.784 41.202 39.732 28.492 35.949
3.2710e+07 48.026 -3.790 41.200 39.731 28.512 35.986
3.2810e+07 48.022 -3.793 41.199 39.729 28.493 35.955
3.2910e+07 48.019 -3.795 41.197 39.729 28.531 36.018
3.3010e+07 48.016 -3.797 41.196 39.728 28.522 36.004
3.3110e+07 48.009 -3.802 41.195 39.727 28.544 36.040
3.3210e+07 48.003 -3.807 41.193 39.726 28.546 36.046
3.3310e+07 47.996 -3.812 41.192 39.724 28.542 36.039
3.3410e+07 47.993 -3.814 41.191 39.724 28.542 36.041
3.3510e+07 47.985 -3.820 41.189 39.723 28.560 36.070
3.3610e+07 47.983 -3.821 41.188 39.721 28.558 36.069
3.3710e+07 47.974 -3.829 41.186 39.721 28.571 36.089
3.3810e+07 47.971 -3.831 41.185 39.720 28.557 36.070
3.3910e+07 47.966 -3.835 41.184 39.719 28.559 36.075
3.4010e+07 47.960 -3.839 41.183 39.718 28.578 36.102
3.4110e+07 47.954 -3.844 41.181 39.717 28.580 36.107
3.4210e+07 47.948 -3.849 41.180 39.716 28.582 36.110
3.4310e+07 47.939 -3.857 41.179 39.715 28.579 36.106
3.4410e+07 47.935 -3.860 41.178 39.714 28.573 36.098
3.4510e+07 47.929 -3.864 41.176 39.713 28.570 36.095
3.4610e+07 47.922 -3.870 41.175 39.712 28.570 36.095
3.4710e+07 47.917 -3.874 41.174 39.711 28.566 36.089
3.4810e+07 47.919 -3.871 41.173 39.710 28.554 36.071
3.4910e+07 47.910 -3.878 41.172 39.709 28.545 36.059
3.5010e+07 47.904 -3.883 41.170 39.708 28.543 36.056
3.5110e+07 47.900 -3.887 41.169 39.707 28.541 36.053
3.5210e+07 47.890 -3.895 41.168 39.706 28.530 36.036
3.5310e+07 47.886 -3.898 41.167 39.705 28.543 36.056
3.5410e+07 47.880 -3.903 41.166 39.704 28.528 36.033
3.5510e+07 47.875 -3.907 41.164 39.720 28.526 36.030
3.5610e+07 47.870 -3.911 41.163 39.737 28.518 36.019
3.5710e+07 47.865 -3.913 41.161 39.736 28.519 36.024
3.5810e+07 47.861 -3.916 41.160 39.736 28.511 36.013
3.5910e+07 47.853 -3.923 41.158 39.735 28.522 36.032
3.6010e+07 47.847 -3.927 41.157 39.735 28.507 36.012
3.6110e+07 47.842 -3.931 41.155 39.734 28.500 36.003
3.6210e+07 47.834 -3.938 41.153 39.733 28.503 36.009
3.6310e+07 47.828 -3.942 41.152 39.733 28.500 36.006
3.6410e+07 47.823 -3.945 41.150 39.732 28.496 36.003
3.6510e+07 47.814 -3.953 41.149 39.731 28.489 35.993
3.6610e+07 47.813 -3.952 41.147 39.731 28.485 35.990
3.6710e+07 47.808 -3.956 41.146 39.731 28.487 35.994
3.6810e+07 47.802 -3.960 41.144 39.730 28.483 35.992
3.6910e+07 47.793 -3.968 41.143 39.729 28.481 35.990
3.7010e+07 47.789 -3.971 41.141 39.729 28.477 35.986
3.7110e+07 47.786 -3.972 41.140 39.728 28.474 35.983
3.7210e+07 47.779 -3.978 41.139 39.728 28.471 35.980
3.7310e+07 47.774 -3.981 41.137 39.727 28.467 35.977
3.7410e+07 47.770 -3.984 41.136 39.727 28.459 35.966
3.7510e+07 47.760 -3.993 41.134 39.726 28.456 35.963
3.7610e+07 47.754 -3.997 41.133 39.725 28.453 35.961
3.7710e+07 47.751 -3.998 41.131 39.725 28.451 35.960
3.7810e+07 47.744 -4.004 41.130 39.724 28.449 35.958
3.7910e+07 47.739 -4.008 41.128 39.724 28.444 35.953
3.8010e+07 47.736 -4.010 41.127 39.723 28.442 35.951
3.8110e+07 47.732 -4.013 41.126 39.722 28.432 35.938
3.8210e+07 47.731 -4.013 41.125 39.722 28.429 35.935
3.8310e+07 47.724 -4.018 41.123 39.721 28.444 35.959
3.8410e+07 47.722 -4.019 41.122 39.721 28.432 35.943
3.8510e+07 47.719 -4.021 41.121 39.720 28.436 35.951
3.8610e+07 47.719 -4.019 41.120 39.720 28.426 35.938
3.8710e+07 47.707 -4.030 41.118 39.719 28.415 35.923
3.8810e+07 47.703 -4.032 41.117 39.719 28.410 35.917
3.8910e+07 47.700 -4.034 41.115 39.718 28.409 35.917
3.9010e+07 47.694 -4.039 41.114 39.717 28.405 35.912
3.9110e+07 47.691 -4.040 41.112 39.717 28.402 35.911
3.9210e+07 47.682 -4.048 41.111 39.716 28.414 35.929
3.9310e+07 47.677 -4.051 41.109 39.716 28.413 35.930
3.9410e+07 47.671 -4.056 41.108 39.715 28.397 35.908
3.9510e+07 47.668 -4.058 41.107 39.715 28.383 35.888
3.9610e+07 47.671 -4.054 41.106 39.714 28.393 35.906
3.9710e+07 47.661 -4.062 41.104 39.714 28.395 35.910
3.9810e+07 47.657 -4.065 41.103 39.713 28.395 35.911
3.9910e+07 47.652 -4.068 41.102 39.713 28.392 35.909
4.0010e+07 47.652 -4.067 41.100 39.712 28.389 35.906
4.0110e+07 47.643 -4.075 41.099 39.711 28.373 35.883
4.0210e+07 47.634 -4.083 41.098 39.711 28.386 35.904
4.0310e+07 47.631 -4.085 41.096 39.711 28.373 35.888
4.0410e+07 47.626 -4.088 41.095 39.710 28.368 35.880
4.0510e+07 47.623 -4.090 41.094 39.710 28.363 35.875
4.0610e+07 47.615 -4.096 41.092 39.709 28.377 35.897
4.0710e+07 47.612 -4.098 41.091 39.708 28.373 35.893
4.0810e+07 47.610 -4.099 41.090 39.708 28.371 35.892
4.0910e+07 47.605 -4.103 41.089 39.707 28.369 35.890
4.1010e+07 47.599 -4.108 41.087 39.707 28.356 35.872
4.1110e+07 47.597 -4.109 41.086 39.706 28.356 35.875
4.1210e+07 47.588 -4.116 41.085 39.706 28.362 35.883
4.1310e+07 47.581 -4.122 41.083 39.705 28.352 35.871
4.1410e+07 47.578 -4.124 41.082 39.705 28.349 35.869
4.1510e+07 47.573 -4.128 41.081 39.704 28.347 35.867
4.1610e+07 47.567 -4.132 41.080 39.704 28.345 35.865
4.1710e+07 47.569 -4.128 41.078 39.703 28.350 35.874
4.1810e+07 47.561 -4.135 41.077 39.703 28.348 35.872
4.1910e+07 47.552 -4.143 41.076 39.702 28.345 35.870
4.2010e+07 47.547 -4.147 41.074 39.701 28.343 35.868
4.2110e+07 47.546 -4.147 41.074 39.701 28.341 35.866
4.2210e+07 47.544 -4.147 41.072 39.700 28.339 35.864
4.2310e+07 47.534 -4.156 41.071 39.700 28.317 35.833
4.2410e+07 47.525 -4.164 41.070 39.699 28.334 35.860
4.2510e+07 47.519 -4.169 41.068 39.699 28.327 35.851
4.2610e+07 47.517 -4.169 41.067 39.698 28.326 35.851
4.2710e+07 47.511 -4.174 41.066 39.698 28.321 35.845
4.2810e+07 47.506 -4.179 41.065 39.698 28.317 35.840
4.2910e+07 47.502 -4.182 41.064 39.697 28.323 35.850
4.3010e+07 47.496 -4.186 41.062 39.697 28.323 35.851
4.3110e+07 47.491 -4.190 41.061 39.696 28.308 35.832
4.3210e+07 47.483 -4.196 41.060 39.696 28.313 35.840
4.3310e+07 47.480 -4.199 41.058 39.695 28.309 35.835
4.3410e+07 47.472 -4.205 41.057 39.695 28.305 35.831
4.3510e+07 47.468 -4.208 41.056 39.694 28.307 35.835
4.3610e+07 47.467 -4.209 41.055 39.693 28.303 35.831
4.3710e+07 47.461 -4.213 41.054 39.693 28.301 35.829
4.3810e+07 47.455 -4.218 41.053 39.693 28.299 35.827
4.3910e+07 47.449 -4.223 41.052 39.692 28.294 35.821
4.4010e+07 47.443 -4.228 41.050 39.692 28.285 35.809
4.4110e+07 47.442 -4.227 41.049 39.691 28.268 35.784
4.4210e+07 47.436 -4.232 41.048 39.691 28.290 35.819
4.4310e+07 47.431 -4.236 41.047 39.690 28.286 35.815
4.4410e+07 47.425 -4.241 41.045 39.690 28.288 35.819
4.4510e+07 47.418 -4.246 41.044 39.689 28.286 35.817
4.4610e+07 47.417 -4.246 41.043 39.689 28.257 35.776
4.4710e+07 47.410 -4.253 41.042 39.688 28.282 35.814
4.4810e+07 47.407 -4.255 41.041 39.664 28.281 35.812
4.4910e+07 47.402 -4.258 41.040 35.826 28.289 35.826
4.5010e+07 47.395 -4.265 41.039 35.824 28.287 35.824
4.5110e+07 47.383 -4.274 41.037 35.822 28.285 35.822
4.5210e+07 47.380 -4.277 41.036 35.821 28.283 35.821
4.5310e+07 47.376 -4.279 41.035 35.807 28.273 35.807
4.5410e+07 47.371 -4.284 41.034 35.774 28.249 35.774
4.5510e+07 47.368 -4.286 41.033 35.800 28.267 35.800
4.5610e+07 47.359 -4.293 41.031 35.799 28.264 35.799
4.5710e+07 47.356 -4.296 41.030 35.766 28.242 35.766
4.5810e+07 47.353 -4.297 41.029 35.770 28.243 35.770
4.5910e+07 47.350 -4.299 41.028 35.790 28.257 35.790
4.6010e+07 47.348 -4.301 41.027 35.767 28.239 35.767
4.6110e+07 47.344 -4.303 41.026 35.794 28.258 35.794
4.6210e+07 47.341 -4.305 41.025 35.792 28.256 35.792
4.6310e+07 47.337 -4.308 41.024 35.791 28.254 35.791
4.6410e+07 47.333 -4.312 41.023 35.787 28.251 35.787
4.6510e+07 47.329 -4.314 41.022 35.788 28.250 35.788
4.6610e+07 47.323 -4.319 41.021 35.788 28.250 35.788
4.6710e+07 47.322 -4.319 41.020 35.790 28.250 35.790
4.6810e+07 47.319 -4.321 41.019 35.788 28.248 35.788
4.6910e+07 47.311 -4.328 41.018 35.753 28.223 35.753
4.7010e+07 47.311 -4.326 41.017 35.755 28.223 35.755
4.7110e+07 47.313 -4.323 41.016 35.747 28.217 35.747
4.7210e+07 47.302 -4.333 41.014 35.746 28.216 35.746
4.7310e+07 47.296 -4.338 41.013 35.775 28.235 35.775
4.7410e+07 47.292 -4.342 41.012 35.778 28.237 35.778
4.7510e+07 47.291 -4.342 41.011 35.773 28.232 35.773
4.7610e+07 47.283 -4.348 41.010 35.763 28.224 35.763
4.7710e+07 47.289 -4.341 41.009 35.761 28.222 35.761
4.7810e+07 47.273 -4.356 41.008 35.769 28.227 35.769
4.7910e+07 47.268 -4.360 41.007 35.774 28.231 35.774
4.8010e+07 47.264 -4.363 41.006 35.770 28.226 35.770
4.8110e+07 47.260 -4.366 41.005 35.772 28.227 35.772
4.8210e+07 47.253 -4.372 41.004 35.769 28.225 35.769
4.8310e+07 47.256 -4.369 41.003 35.756 28.215 35.756
4.8410e+07 47.257 -4.366 41.002 35.767 28.222 35.767
4.8510e+07 47.247 -4.375 41.000 35.766 28.220 35.766
4.8610e+07 47.240 -4.381 41.000 35.764 28.219 35.764
4.8710e+07 47.236 -4.384 40.998 35.736 28.198 35.736
4.8810e+07 47.232 -4.387 40.997 35.732 28.195 35.732
4.8910e+07 47.234 -4.384 40.996 35.731 28.193 35.731
4.9010e+07 47.223 -4.394 40.995 35.715 28.181 35.715
4.9110e+07 47.219 -4.398 40.994 35.758 28.211 35.758
4.9210e+07 47.212 -4.403 40.993 35.737 28.195 35.737
4.9310e+07 47.214 -4.400 40.993 35.739 28.196 35.739
4.9410e+07 47.210 -4.403 40.991 35.737 28.194 35.737
4.9510e+07 47.209 -4.403 40.990 35.736 28.193 35.736
4.9610e+07 47.197 -4.414 40.989 35.727 28.186 35.727
4.9710e+07 47.193 -4.417 40.988 35.725 28.184 35.725
4.9810e+07 47.191 -4.418 40.987 35.724 28.183 35.724
4.9910e+07 47.189 -4.419 40.986 35.721 28.180 35.721
5.0010e+07 47.179 -4.428 40.985 35.743 28.195 35.743
5.0110e+07 47.175 -4.431 40.984 35.720 28.178 35.720
5.0210e+07 47.170 -4.435 40.983 35.719 28.176 35.719
5.0310e+07 47.165 -4.439 40.982 35.718 28.175 35.718
5.0410e+07 47.174 -4.429 40.981 35.713 28.171 35.713
5.0510e+07 47.162 -4.440 40.980 35.715 28.172 35.715
5.0610e+07 47.152 -4.450 40.979 35.714 28.170 35.714
5.0710e+07 47.147 -4.453 40.978 35.712 28.169 35.712
5.0810e+07 47.148 -4.452 40.977 35.713 28.169 35.713
5.0910e+07 47.141 -4.457 40.976 35.709 28.165 35.709
5.1010e+07 47.147 -4.450 40.975 35.723 28.175 35.723
5.1110e+07 47.134 -4.462 40.974 35.726 28.176 35.726
5.1210e+07 47.119 -4.476 40.973 35.703 28.159 35.703
5.1310e+07 47.114 -4.480 40.972 35.710 28.164 35.710
5.1410e+07 47.110 -4.483 40.971 35.700 28.156 35.700
5.1510e+07 47.105 -4.487 40.970 35.707 28.161 35.707
5.1610e+07 47.100 -4.491 40.969 35.712 28.164 35.712
5.1710e+07 47.093 -4.497 40.968 35.710 28.161 35.710
5.1810e+07 47.089 -4.501 40.967 35.689 28.146 35.689
5.1910e+07 47.084 -4.504 40.966 35.688 28.144 35.688
5.2010e+07 47.080 -4.508 40.965 35.720 28.167 35.720
5.2110e+07 47.078 -4.509 40.964 35.719 28.165 35.719
5.2210e+07 47.071 -4.515 40.963 35.715 28.162 35.715
5.2310e+07 47.063 -4.521 40.962 35.682 28.138 35.682
5.2410e+07 47.057 -4.527 40.961 35.686 28.140 35.686
5.2510e+07 47.055 -4.528 40.960 35.708 28.155 35.708
5.2610e+07 47.055 -4.527 40.959 35.676 28.131 35.676
5.2710e+07 47.050 -4.531 40.958 35.684 28.136 35.684
5.2810e+07 47.046 -4.534 40.958 35.694 28.143 35.694
5.2910e+07 47.042 -4.538 40.957 35.683 28.134 35.683
5.3010e+07 47.033 -4.545 40.956 35.702 28.147 35.702
5.3110e+07 47.032 -4.546 40.955 35.692 28.139 35.692
5.3210e+07 47.024 -4.553 40.954 35.691 28.138 35.691
5.3310e+07 47.021 -4.554 40.953 35.702 28.145 35.702
5.3410e+07 47.016 -4.558 40.952 35.702 28.144 35.702
5.3510e+07 47.010 -4.563 40.951 35.676 28.125 35.676
5.3610e+07 47.005 -4.568 40.950 35.701 28.142 35.701
5.3710e+07 46.993 -4.579 40.949 35.680 28.126 35.680
5.3810e+07 46.992 -4.579 40.948 35.678 28.124 35.678
5.3910e+07 46.987 -4.583 40.947 35.678 28.124 35.678
5.4010e+07 46.983 -4.586 40.946 35.698 28.138 35.698
5.4110e+07 46.978 -4.590 40.945 35.691 28.132 35.691
5.4210e+07 46.975 -4.593 40.944 35.704 28.141 35.704
5.4310e+07 46.970 -4.596 40.943 35.682 28.124 35.682
5.4410e+07 46.967 -4.598 40.942 35.685 28.126 35.685
5.4510e+07 46.964 -4.601 40.942 35.681 28.122 35.681
5.4610e+07 46.961 -4.603 40.941 35.689 28.127 35.689
5.4710e+07 46.950 -4.613 40.939 35.707 28.140 35.707
5.4810e+07 46.944 -4.618 40.938 35.706 28.139 35.706
5.4910e+07 46.939 -4.622 40.938 35.705 28.138 35.705
5.5010e+07 46.937 -4.623 40.937 35.685 28.122 35.685
5.5110e+07 46.932 -4.627 40.936 35.696 28.130 35.696
5.5210e+07 46.929 -4.630 40.935 35.689 28.124 35.689
5.5310e+07 46.923 -4.635 40.934 35.689 28.123 35.689
5.5410e+07 46.915 -4.642 40.933 35.679 28.115 35.679
5.5510e+07 46.911 -4.645 40.933 35.698 28.129 35.698
5.5610e+07 46.902 -4.653 40.931 35.672 28.109 35.672
5.5710e+07 46.897 -4.657 40.931 35.701 28.130 35.701
5.5810e+07 46.893 -4.661 40.930 35.712 28.137 35.712
5.5910e+07 46.894 -4.658 40.929 35.711 28.137 35.711
5.6010e+07 46.892 -4.661 40.928 35.685 28.116 35.685
5.6110e+07 46.888 -4.663 40.927 35.682 28.113 35.682
5.6210e+07 46.889 -4.661 40.927 35.710 28.134 35.710
5.6310e+07 46.887 -4.663 40.926 35.693 28.121 35.693
5.6410e+07 46.881 -4.668 40.925 35.695 28.122 35.695
5.6510e+07 46.881 -4.668 40.925 35.702 28.127 35.702
5.6610e+07 46.878 -4.669 40.924 35.692 28.119 35.692
5.6710e+07 46.872 -4.675 40.923 35.692 28.118 35.692
5.6810e+07 46.870 -4.675 40.922 35.691 28.117 35.691
5.6910e+07 46.868 -4.677 40.921 35.690 28.116 35.690
5.7010e+07 46.863 -4.681 40.920 35.690 28.115 35.690
5.7110e+07 46.859 -4.684 40.919 35.689 28.114 35.689
5.7210e+07 46.855 -4.687 40.919 35.689 28.113 35.689
5.7310e+07 46.865 -4.676 40.918 35.696 28.118 35.696
5.7410e+07 46.863 -4.678 40.917 35.677 28.103 35.677
5.7510e+07 46.849 -4.691 40.916 35.676 28.102 35.676
5.7610e+07 46.846 -4.693 40.915 35.683 28.108 35.683
5.7710e+07 46.835 -4.703 40.914 35.693 28.115 35.693
5.7810e+07 46.833 -4.704 40.913 35.682 28.106 35.682
5.7910e+07 46.853 -4.682 40.912 35.681 28.105 35.681
5.8010e+07 46.827 -4.708 40.911 35.669 28.096 35.669
5.8110e+07 46.822 -4.712 40.910 35.669 28.095 35.669
5.8210e+07 46.819 -4.714 40.909 35.645 28.077 35.645
5.8310e+07 46.816 -4.716 40.909 35.644 28.076 35.644
5.8410e+07 46.812 -4.719 40.908 35.630 28.065 35.630
5.8510e+07 46.807 -4.724 40.907 35.643 28.074 35.643
5.8610e+07 46.805 -4.725 40.906 35.630 28.065 35.630
5.8710e+07 46.801 -4.727 40.905 35.627 28.062 35.627
5.8810e+07 46.811 -4.717 40.904 35.616 28.053 35.616
5.8910e+07 46.794 -4.733 40.903 35.628 28.062 35.628
5.9010e+07 46.789 -4.737 40.902 35.606 28.044 35.606
5.9110e+07 46.787 -4.739 40.902 35.599 28.039 35.599
5.9210e+07 46.780 -4.744 40.901 35.598 28.039 35.598
5.9310e+07 46.779 -4.744 40.900 35.585 28.029 35.585
5.9410e+07 46.776 -4.747 40.899 35.585 28.028 35.585
5.9510e+07 46.772 -4.751 40.898 35.584 28.027 35.584
5.9610e+07 46.783 -4.738 40.898 35.583 28.026 35.583
5.9710e+07 46.768 -4.753 40.897 35.582 28.026 35.582
5.9810e+07 46.763 -4.757 40.896 35.574 28.020 35.574
5.9910e+07 46.759 -4.760 40.895 35.581 28.024 35.581
6.0010e+07 46.755 -4.763 40.894 35.591 28.031 35.591
6.0110e+07 46.750 -4.768 40.893 35.572 28.017 35.572
6.0210e+07 46.745 -4.772 40.893 35.556 28.005 35.556
6.0310e+07 46.744 -4.772 40.892 35.581 28.023 35.581
6.0410e+07 46.751 -4.764 40.891 35.554 28.003 35.554
6.0510e+07 46.736 -4.778 40.890 35.565 28.011 35.565
6.0610e+07 46.732 -4.781 40.889 35.564 28.010 35.564
6.0710e+07 46.737 -4.776 40.889 35.542 27.993 35.542
6.0810e+07 46.733 -4.779 40.888 35.544 27.995 35.544
6.0910e+07 46.729 -4.782 40.887 35.543 27.994 35.543
6.1010e+07 46.721 -4.790 40.886 35.543 27.993 35.543
6.1110e+07 46.720 -4.790 40.885 35.542 27.993 35.542
6.1210e+07 46.729 -4.779 40.885 35.541 27.992 35.541
6.1310e+07 46.704 -4.804 40.884 35.541 27.991 35.541
6.1410e+07 46.704 -4.804 40.883 35.540 27.990 35.540
6.1510e+07 46.697 -4.809 40.882 35.526 27.980 35.526
6.1610e+07 46.691 -4.814 40.881 35.525 27.979 35.525
6.1710e+07 46.687 -4.818 40.880 35.534 27.985 35.534
6.1810e+07 46.684 -4.820 40.880 35.504 27.964 35.504
6.1910e+07 46.694 -4.809 40.879 35.503 27.963 35.503
6.2010e+07 46.692 -4.811 40.879 35.503 27.963 35.503
6.2110e+07 46.673 -4.829 40.878 35.502 27.962 35.502
6.2210e+07 46.678 -4.823 40.877 35.501 27.961 35.501
6.2310e+07 46.674 -4.826 40.876 35.498 27.958 35.498
6.2410e+07 46.667 -4.832 40.875 35.500 27.959 35.500
6.2510e+07 46.678 -4.820 40.874 35.509 27.966 35.509
6.2610e+07 46.646 -4.851 40.873 35.488 27.951 35.488
6.2710e+07 46.642 -4.855 40.873 35.493 27.954 35.493
6.2810e+07 46.636 -4.860 40.872 35.492 27.953 35.492
6.2910e+07 46.645 -4.851 40.871 35.457 27.929 35.457
6.3010e+07 46.656 -4.839 40.871 35.456 27.928 35.456
6.3110e+07 46.650 -4.844 40.870 35.456 27.927 35.456
6.3210e+07 46.632 -4.862 40.869 35.455 27.927 35.455
6.3310e+07 46.615 -4.877 40.868 35.457 27.928 35.457
6.3410e+07 46.611 -4.881 40.867 35.459 27.928 35.459
6.3510e+07 46.605 -4.886 40.866 35.455 27.926 35.455
6.3610e+07 46.608 -4.882 40.866 35.454 27.925 35.454
6.3710e+07 46.605 -4.885 40.865 35.437 27.914 35.437
6.3810e+07 46.600 -4.889 40.864 35.437 27.913 35.437
6.3910e+07 46.594 -4.894 40.863 35.432 27.909 35.432
6.4010e+07 46.590 -4.898 40.863 35.435 27.911 35.435
6.4110e+07 46.588 -4.899 40.862 35.435 27.911 35.435
6.4210e+07 46.580 -4.906 40.861 35.432 27.908 35.432
6.4310e+07 46.576 -4.909 40.860 35.438 27.911 35.438
6.4410e+07 46.572 -4.912 40.859 35.417 27.897 35.417
6.4510e+07 46.569 -4.915 40.859 35.428 27.904 35.428
6.4610e+07 46.565 -4.918 40.858 35.422 27.899 35.422
6.4710e+07 46.560 -4.922 40.858 35.427 27.903 35.427
6.4810e+07 46.555 -4.927 40.857 35.420 27.897 35.420
6.4910e+07 46.551 -4.930 40.856 35.404 27.887 35.404
6.5010e+07 46.549 -4.931 40.855 35.363 27.860 35.363
6.5110e+07 46.545 -4.935 40.855 35.378 27.869 35.378
6.5210e+07 46.534 -4.944 40.853 35.388 27.875 35.388
6.5310e+07 46.530 -4.947 40.853 35.388 27.874 35.388
6.5410e+07 46.526 -4.951 40.852 35.360 27.857 35.360
6.5510e+07 46.523 -4.953 40.851 35.350 27.850 35.350
6.5610e+07 46.519 -4.957 40.850 35.363 27.857 35.363
6.5710e+07 46.521 -4.954 40.850 35.358 27.855 35.358
6.5810e+07 46.518 -4.957 40.849 35.355 27.851 35.355
6.5910e+07 46.512 -4.961 40.848 35.355 27.851 35.355
6.6010e+07 46.502 -4.971 40.847 35.347 27.846 35.347
6.6110e+07 46.498 -4.974 40.847 35.346 27.845 35.346
6.6210e+07 46.495 -4.976 40.846 35.319 27.827 35.319
6.6310e+07 46.490 -4.981 40.845 35.329 27.833 35.329
6.6410e+07 46.486 -4.984 40.844 35.328 27.832 35.328
6.6510e+07 46.488 -4.981 40.844 35.328 27.831 35.328
6.6610e+07 46.479 -4.989 40.843 35.301 27.814 35.301
6.6710e+07 46.473 -4.995 40.842 35.300 27.813 35.300
6.6810e+07 46.471 -4.996 40.842 35.302 27.814 35.302
6.6910e+07 46.463 -5.003 40.841 35.301 27.813 35.301
6.7010e+07 46.455 -5.010 40.840 35.301 27.812 35.301
6.7110e+07 46.449 -5.016 40.839 35.297 27.810 35.297
6.7210e+07 46.448 -5.016 40.839 35.285 27.801 35.285
6.7310e+07 46.442 -5.021 40.838 35.297 27.809 35.297
6.7410e+07 46.439 -5.023 40.837 35.296 27.808 35.296
6.7510e+07 46.433 -5.029 40.836 35.264 27.788 35.264
6.7610e+07 46.437 -5.024 40.836 35.252 27.780 35.252
6.7710e+07 46.434 -5.026 40.835 35.243 27.774 35.243
6.7810e+07 46.424 -5.036 40.834 35.224 27.762 35.224
6.7910e+07 46.421 -5.038 40.833 35.250 27.777 35.250
6.8010e+07 46.417 -5.041 40.833 35.248 27.775 35.248
6.8110e+07 46.415 -5.043 40.832 35.249 27.775 35.249
6.8210e+07 46.407 -5.049 40.831 35.210 27.753 35.210
6.8310e+07 46.406 -5.050 40.830 35.199 27.746 35.199
6.8410e+07 46.401 -5.055 40.830 35.209 27.752 35.209
6.8510e+07 46.399 -5.055 40.829 35.198 27.743 35.198
6.8610e+07 46.396 -5.058 40.828 35.207 27.749 35.207
6.8710e+07 46.391 -5.063 40.828 35.207 27.749 35.207
6.8810e+07 46.384 -5.069 40.827 35.206 27.748 35.206
6.8910e+07 46.375 -5.077 40.826 35.209 27.750 35.209
6.9010e+07 46.373 -5.079 40.826 35.148 27.713 35.148
6.9110e+07 46.362 -5.088 40.825 35.193 27.738 35.193
6.9210e+07 46.359 -5.090 40.824 35.193 27.737 35.193
6.9310e+07 46.357 -5.092 40.823 35.146 27.711 35.146
6.9410e+07 46.344 -5.104 40.822 35.191 27.736 35.191
6.9510e+07 46.343 -5.104 40.821 35.175 27.726 35.175
6.9610e+07 46.345 -5.102 40.821 35.144 27.708 35.144
6.9710e+07 46.343 -5.103 40.821 35.145 27.708 35.145
6.9810e+07 46.344 -5.102 40.820 35.118 27.693 35.118
6.9910e+07 46.343 -5.103 40.819 34.868 27.578 34.868
7.0010e+07 46.341 -5.104 40.819 35.092 27.678 35.092
7.0110e+07 46.339 -5.106 40.818 35.092 27.677 35.092
7.0210e+07 46.334 -5.109 40.817 35.088 27.675 35.088
7.0310e+07 46.331 -5.112 40.817 34.990 27.626 34.990
7.0410e+07 46.324 -5.118 40.816 34.990 27.625 34.990
7.0510e+07 46.324 -5.118 40.815 34.989 27.624 34.989
7.0610e+07 46.322 -5.119 40.815 35.059 27.658 35.059
7.0710e+07 46.316 -5.125 40.814 34.988 27.623 34.988
7.0810e+07 46.317 -5.123 40.814 35.016 27.635 35.016
7.0910e+07 46.316 -5.123 40.813 34.862 27.568 34.862
7.1010e+07 46.315 -5.124 40.812 34.861 27.567 34.861
7.1110e+07 46.319 -5.119 40.812 34.985 27.619 34.985
7.1210e+07 46.319 -5.118 40.811 33.535 27.359 33.535
7.1310e+07 46.313 -5.123 40.811 34.984 27.617 34.984
7.1410e+07 46.307 -5.129 40.810 34.911 27.584 34.911
7.1510e+07 46.298 -5.137 40.809 33.531 27.355 33.531
7.1610e+07 46.298 -5.136 40.808 33.530 27.354 33.530
7.1710e+07 46.293 -5.140 40.808 34.949 27.598 34.949
7.1810e+07 46.288 -5.145 40.807 34.748 27.519 34.748
7.1910e+07 46.286 -5.146 40.806 34.907 27.579 34.907
7.2010e+07 46.282 -5.150 40.806 34.747 27.517 34.747
7.2110e+07 46.285 -5.147 40.805 34.906 27.577 34.906
7.2210e+07 46.273 -5.157 40.804 34.705 27.501 34.705
7.2310e+07 46.280 -5.149 40.803 34.444 27.432 34.444
7.2410e+07 46.277 -5.151 40.803 33.521 27.344 33.521
7.2510e+07 46.275 -5.153 40.802 34.443 27.430 34.443
7.2610e+07 46.270 -5.158 40.801 34.442 27.430 34.442
7.2710e+07 46.264 -5.163 40.801 34.554 27.454 34.554
7.2810e+07 46.261 -5.166 40.800 33.517 27.340 33.517
7.2910e+07 46.258 -5.168 40.800 34.440 27.426 34.440
7.3010e+07 46.251 -5.175 40.799 33.514 27.338 33.514
7.3110e+07 46.251 -5.173 40.798 33.513 27.337 33.513
7.3210e+07 46.253 -5.171 40.798 33.512 27.335 33.512
7.3310e+07 46.245 -5.178 40.797 33.511 27.335 33.511
7.3410e+07 46.246 -5.176 40.796 33.509 27.333 33.509
7.3510e+07 46.239 -5.182 40.795 33.508 27.332 33.508
7.3610e+07 46.240 -5.181 40.795 33.507 27.331 33.507
7.3710e+07 46.233 -5.187 40.794 33.505 27.329 33.505
7.3810e+07 46.234 -5.186 40.794 33.505 27.329 33.505
7.3910e+07 46.228 -5.191 40.793 33.503 27.327 33.503
7.4010e+07 46.227 -5.192 40.792 33.502 27.326 33.502
7.4110e+07 46.223 -5.195 40.792 33.502 27.326 33.502
7.4210e+07 46.220 -5.197 40.791 33.500 27.324 33.500
7.4310e+07 46.216 -5.201 40.790 33.500 27.324 33.500
7.4410e+07 46.210 -5.206 40.790 33.498 27.322 33.498
7.4510e+07 46.215 -5.201 40.789 33.496 27.320 33.496
7.4610e+07 46.212 -5.203 40.788 33.496 27.320 33.496
7.4710e+07 46.220 -5.194 40.788 33.494 27.318 33.494
7.4810e+07 46.200 -5.213 40.787 33.494 27.318 33.494
7.4910e+07 46.197 -5.216 40.786 33.492 27.316 33.492
7.5010e+07 46.191 -5.221 40.786 33.491 27.315 33.491
7.5110e+07 46.192 -5.220 40.785 33.490 27.314 33.490
7.5210e+07 46.188 -5.223 40.785 33.490 27.314 33.490
7.5310e+07 46.186 -5.224 40.784 33.489 27.313 33.489
7.5410e+07 46.185 -5.225 40.784 33.488 27.312 33.488
7.5510e+07 46.175 -5.234 40.783 33.486 27.310 33.486
7.5610e+07 46.175 -5.233 40.782 33.485 27.309 33.485
7.5710e+07 46.173 -5.235 40.782 33.484 27.308 33.484
7.5810e+07 46.170 -5.238 40.781 33.483 27.307 33.483
7.5910e+07 46.166 -5.241 40.780 33.482 27.306 33.482
7.6010e+07 46.162 -5.245 40.780 33.482 27.306 33.482
7.6110e+07 46.158 -5.247 40.779 33.480 27.303 33.480
7.6210e+07 46.157 -5.248 40.778 33.479 27.302 33.479
7.6310e+07 46.181 -5.223 40.778 33.477 27.301 33.477
7.6410e+07 46.197 -5.207 40.778 33.477 27.301 33.477
7.6510e+07 46.194 -5.210 40.777 33.476 27.300 33.476
7.6610e+07 46.149 -5.254 40.776 33.474 27.298 33.474
7.6710e+07 46.146 -5.256 40.775 33.473 27.297 33.473
7.6810e+07 46.140 -5.261 40.775 33.472 27.296 33.472
7.6910e+07 46.138 -5.262 40.774 33.471 27.295 33.471
7.7010e+07 46.136 -5.265 40.774 33.471 27.294 33.471
7.7110e+07 46.127 -5.272 40.773 33.471 27.294 33.471
7.7210e+07 46.134 -5.265 40.773 33.469 27.293 33.469
7.7310e+07 46.131 -5.268 40.772 33.467 27.290 33.467
7.7410e+07 46.127 -5.271 40.771 33.465 27.289 33.465
7.7510e+07 46.150 -5.247 40.771 33.464 27.288 33.464
7.7610e+07 46.146 -5.250 40.770 33.464 27.288 33.464
7.7710e+07 46.117 -5.279 40.769 33.463 27.287 33.463
7.7810e+07 46.110 -5.286 40.769 33.461 27.285 33.461
7.7910e+07 46.110 -5.285 40.768 33.461 27.285 33.461
7.8010e+07 46.105 -5.289 40.767 33.460 27.283 33.460
7.8110e+07 46.104 -5.290 40.767 33.458 27.282 33.458
7.8210e+07 46.099 -5.294 40.766 33.457 27.281 33.457
7.8310e+07 46.092 -5.301 40.766 33.458 27.282 33.458
7.8410e+07 46.090 -5.301 40.765 33.455 27.279 33.455
7.8510e+07 46.106 -5.285 40.765 33.456 27.280 33.456
7.8610e+07 46.112 -5.278 40.764 33.454 27.278 33.454
7.8710e+07 46.078 -5.311 40.763 33.453 27.277 33.453
7.8810e+07 46.075 -5.314 40.762 33.451 27.275 33.451
7.8910e+07 46.071 -5.318 40.762 33.450 27.274 33.450
7.9010e+07 46.088 -5.300 40.762 33.451 27.275 33.451
7.9110e+07 46.084 -5.303 40.761 33.449 27.273 33.449
7.9210e+07 46.080 -5.306 40.760 33.449 27.273 33.449
7.9310e+07 46.077 -5.309 40.760 33.446 27.270 33.446
7.9410e+07 46.074 -5.311 40.759 33.445 27.269 33.445
7.9510e+07 46.075 -5.310 40.759 33.446 27.270 33.446
7.9610e+07 46.046 -5.339 40.758 33.444 27.268 33.444
7.9710e+07 46.040 -5.344 40.757 33.443 27.267 33.443
7.9810e+07 46.036 -5.348 40.757 33.443 27.267 33.443
7.9910e+07 46.079 -5.304 40.756 33.441 27.265 33.441
8.0010e+07 46.076 -5.306 40.756 33.440 27.264 33.440
8.0110e+07 46.056 -5.326 40.755 33.439 27.263 33.439
8.0210e+07 46.052 -5.329 40.754 33.439 27.263 33.439
8.0310e+07 46.021 -5.359 40.754 33.438 27.261 33.438
8.0410e+07 46.021 -5.359 40.753 33.436 27.260 33.436
8.0510e+07 46.016 -5.364 40.752 33.436 27.260 33.436
8.0610e+07 46.011 -5.368 40.752 33.435 27.258 33.435
8.0710e+07 46.005 -5.373 40.751 33.434 27.258 33.434
8.0810e+07 46.003 -5.375 40.751 33.433 27.257 33.433
8.0910e+07 46.000 -5.377 40.750 33.432 27.256 33.432
8.1010e+07 45.995 -5.381 40.749 33.431 27.255 33.431
8.1110e+07 45.992 -5.384 40.749 33.429 27.253 33.429
8.1210e+07 45.983 -5.393 40.748 33.429 27.253 33.429
8.1310e+07 45.979 -5.396 40.748 33.429 27.253 33.429
8.1410e+07 45.975 -5.400 40.747 33.427 27.251 33.427
8.1510e+07 45.972 -5.402 40.746 33.426 27.250 33.426
8.1610e+07 45.967 -5.406 40.746 33.425 27.249 33.425
8.1710e+07 45.963 -5.409 40.745 33.426 27.250 33.426
8.1810e+07 45.956 -5.416 40.745 33.424 27.247 33.424
8.1910e+07 45.957 -5.414 40.744 33.423 27.247 33.423
8.2010e+07 45.955 -5.415 40.743 33.422 27.246 33.422
8.2110e+07 45.949 -5.421 40.743 33.421 27.245 33.421
8.2210e+07 45.945 -5.425 40.742 33.420 27.244 33.420
8.2310e+07 45.950 -5.420 40.742 33.420 27.243 33.420
8.2410e+07 45.943 -5.425 40.741 33.419 27.243 33.419
8.2510e+07 45.937 -5.431 40.741 33.418 27.242 33.418
8.2610e+07 45.936 -5.432 40.740 33.417 27.241 33.417
8.2710e+07 45.928 -5.439 40.739 33.416 27.240 33.416
8.2810e+07 45.927 -5.439 40.739 33.415 27.239 33.415
8.2910e+07 45.922 -5.443 40.738 33.414 27.238 33.414
8.3010e+07 45.921 -5.444 40.738 33.413 27.237 33.413
8.3110e+07 45.913 -5.452 40.737 33.413 27.237 33.413
8.3210e+07 45.907 -5.457 40.737 33.412 27.236 33.412
8.3310e+07 45.908 -5.455 40.736 33.411 27.235 33.411
8.3410e+07 45.902 -5.461 40.735 33.410 27.234 33.410
8.3510e+07 45.898 -5.464 40.735 33.409 27.233 33.409
8.3610e+07 45.890 -5.472 40.734 33.408 27.232 33.408
8.3710e+07 45.890 -5.471 40.734 33.407 27.231 33.407
8.3810e+07 45.887 -5.474 40.733 33.407 27.231 33.407
8.3910e+07 45.882 -5.479 40.733 33.407 27.230 33.407
8.4010e+07 45.875 -5.485 40.732 33.405 27.229 33.405
8.4110e+07 45.875 -5.484 40.732 33.404 27.228 33.404
8.4210e+07 45.876 -5.483 40.731 33.403 27.227 33.403
8.4310e+07 45.873 -5.485 40.731 33.403 27.227 33.403
8.4410e+07 45.868 -5.490 40.730 33.402 27.226 33.402
8.4510e+07 45.864 -5.493 40.729 33.401 27.224 33.401
8.4610e+07 45.861 -5.495 40.729 33.400 27.223 33.400
8.4710e+07 45.853 -5.503 40.728 33.400 27.224 33.400
8.4810e+07 45.851 -5.505 40.728 33.399 27.223 33.399
8.4910e+07 45.852 -5.503 40.727 33.397 27.221 33.397
8.5010e+07 45.845 -5.510 40.727 33.397 27.221 33.397
8.5110e+07 45.836 -5.518 40.726 33.396 27.220 33.396
8.5210e+07 45.837 -5.517 40.726 33.394 27.218 33.394
8.5310e+07 45.833 -5.520 40.725 33.394 27.218 33.394
8.5410e+07 45.825 -5.528 40.724 33.393 27.217 33.393
8.5510e+07 45.820 -5.532 40.724 33.393 27.217 33.393
8.5610e+07 45.815 -5.536 40.723 33.391 27.215 33.391
8.5710e+07 45.816 -5.535 40.723 33.391 27.215 33.391
8.5810e+07 45.812 -5.538 40.722 33.390 27.213 33.390
8.5910e+07 45.810 -5.540 40.722 33.391 27.215 33.391
8.6010e+07 45.802 -5.547 40.721 33.389 27.213 33.389
8.6110e+07 45.797 -5.551 40.721 33.389 27.213 33.389
8.6210e+07 45.794 -5.554 40.720 33.387 27.211 33.387
8.6310e+07 45.790 -5.558 40.719 33.386 27.210 33.386
8.6410e+07 45.785 -5.562 40.719 33.385 27.209 33.385
8.6510e+07 45.783 -5.564 40.718 33.385 27.209 33.385
8.6610e+07 45.778 -5.568 40.718 33.385 27.209 33.385
8.6710e+07 45.779 -5.567 40.717 33.385 27.209 33.385
8.6810e+07 45.775 -5.570 40.717 33.383 27.207 33.383
8.6910e+07 45.770 -5.574 40.716 33.381 27.205 33.381
8.7010e+07 45.768 -5.576 40.716 33.382 27.206 33.382
8.7110e+07 45.765 -5.579 40.715 33.380 27.204 33.380
8.7210e+07 45.761 -5.582 40.715 33.380 27.204 33.380
8.7310e+07 45.756 -5.587 40.714 33.380 27.204 33.380
8.7410e+07 45.754 -5.588 40.714 33.379 27.203 33.379
8.7510e+07 45.745 -5.596 40.713 33.379 27.202 33.379
8.7610e+07 45.745 -5.596 40.713 33.377 27.200 33.377
8.7710e+07 45.741 -5.599 40.712 33.376 27.200 33.376
8.7810e+07 45.734 -5.606 40.712 33.375 27.199 33.375
8.7910e+07 45.727 -5.612 40.711 33.376 27.199 33.376
8.8010e+07 45.724 -5.615 40.710 33.375 27.199 33.375
8.8110e+07 45.723 -5.616 40.710 33.374 27.198 33.374
8.8210e+07 45.719 -5.619 40.709 33.373 27.196 33.373
8.8310e+07 45.716 -5.622 40.709 33.372 27.196 33.372
8.8410e+07 45.713 -5.624 40.708 33.371 27.195 33.371
8.8510e+07 45.709 -5.627 40.708 33.370 27.194 33.370
8.8610e+07 45.692 -5.644 40.707 33.370 27.194 33.370
8.8710e+07 45.694 -5.641 40.707 33.369 27.193 33.369
8.8810e+07 45.690 -5.644 40.706 33.368 27.192 33.368
8.8910e+07 45.689 -5.645 40.705 33.368 27.192 33.368
8.9010e+07 45.687 -5.647 40.705 33.367 27.190 33.367
8.9110e+07 45.686 -5.647 40.705 33.367 27.191 33.367
8.9210e+07 45.683 -5.649 40.704 33.365 27.189 33.365
8.9310e+07 45.683 -5.650 40.704 33.365 27.189 33.365
8.9410e+07 45.681 -5.651 40.703 33.363 27.187 33.363
8.9510e+07 45.679 -5.652 40.703 33.363 27.187 33.363
8.9610e+07 45.679 -5.652 40.702 33.362 27.185 33.362
8.9710e+07 45.673 -5.658 40.702 33.361 27.185 33.361
8.9810e+07 45.675 -5.655 40.701 33.360 27.184 33.360
8.9910e+07 45.674 -5.656 40.701 33.361 27.185 33.361
9.0010e+07 45.672 -5.658 40.701 33.361 27.185 33.361
9.0110e+07 45.670 -5.659 40.700 33.359 27.183 33.359
9.0210e+07 45.669 -5.659 40.700 33.360 27.184 33.360
9.0310e+07 45.665 -5.663 40.699 33.358 27.182 33.358
9.0410e+07 45.681 -5.647 40.699 33.356 27.180 33.356
9.0510e+07 45.677 -5.650 40.699 33.356 27.180 33.356
9.0610e+07 45.682 -5.644 40.698 33.356 27.179 33.356
9.0710e+07 45.674 -5.652 40.698 33.355 27.179 33.355
9.0810e+07 45.665 -5.661 40.697 33.354 27.178 33.354
9.0910e+07 45.663 -5.662 40.697 33.353 27.177 33.353
9.1010e+07 45.658 -5.667 40.696 33.352 27.176 33.352
9.1110e+07 45.654 -5.670 40.696 33.352 27.176 33.352
9.1210e+07 45.651 -5.672 40.695 33.351 27.175 33.351
9.1310e+07 45.655 -5.668 40.695 33.351 27.175 33.351
9.1410e+07 45.643 -5.680 40.694 33.351 27.175 33.351
9.1510e+07 45.648 -5.674 40.694 33.350 27.174 33.350
9.1610e+07 45.648 -5.674 40.693 33.349 27.173 33.349
9.1710e+07 45.652 -5.669 40.693 33.349 27.173 33.349
9.1810e+07 45.642 -5.679 40.692 33.348 27.172 33.348
9.1910e+07 45.640 -5.680 40.692 33.347 27.171 33.347
9.2010e+07 45.637 -5.682 40.691 33.346 27.170 33.346
9.2110e+07 45.627 -5.692 40.690 33.346 27.170 33.346
9.2210e+07 45.629 -5.690 40.690 33.345 27.169 33.345
9.2310e+07 45.625 -5.693 40.689 33.345 27.169 33.345
9.2410e+07 45.618 -5.699 40.689 33.344 27.168 33.344
9.2510e+07 45.616 -5.701 40.688 33.343 27.167 33.343
9.2610e+07 45.621 -5.695 40.688 33.343 27.167 33.343
9.2710e+07 45.627 -5.689 40.687 33.342 27.166 33.342
9.2810e+07 45.612 -5.704 40.687 33.341 27.165 33.341
9.2910e+07 45.607 -5.708 40.686 33.340 27.164 33.340
9.3010e+07 45.614 -5.700 40.686 33.340 27.164 33.340
9.3110e+07 45.604 -5.710 40.685 33.340 27.164 33.340
9.3210e+07 45.602 -5.711 40.685 33.339 27.162 33.339
9.3310e+07 45.604 -5.710 40.684 33.338 27.162 33.338
9.3410e+07 45.605 -5.708 40.684 33.338 27.162 33.338
9.3510e+07 45.603 -5.710 40.683 33.337 27.161 33.337
9.3610e+07 45.600 -5.711 40.683 33.336 27.160 33.336
9.3710e+07 45.588 -5.723 40.682 33.336 27.160 33.336
9.3810e+07 45.588 -5.723 40.682 33.335 27.159 33.335
9.3910e+07 45.595 -5.715 40.682 33.335 27.159 33.335
9.4010e+07 45.586 -5.724 40.681 33.334 27.158 33.334
9.4110e+07 45.587 -5.723 40.681 33.333 27.157 33.333
9.4210e+07 45.588 -5.721 40.680 33.333 27.157 33.333
9.4310e+07 45.597 -5.712 40.680 33.332 27.156 33.332
9.4410e+07 45.584 -5.724 40.679 33.332 27.156 33.332
9.4510e+07 45.584 -5.724 40.679 33.331 27.155 33.331
9.4610e+07 45.575 -5.732 40.678 33.331 27.154 33.331
9.4710e+07 45.571 -5.736 40.678 33.330 27.154 33.330
9.4810e+07 45.575 -5.731 40.677 33.329 27.153 33.329
9.4910e+07 45.575 -5.731 40.677 33.329 27.153 33.329
9.5010e+07 45.568 -5.737 40.676 33.328 27.152 33.328
9.5110e+07 45.563 -5.742 40.676 33.327 27.151 33.327
9.5210e+07 45.565 -5.739 40.676 33.327 27.151 33.327
9.5310e+07 45.559 -5.745 40.675 33.326 27.150 33.326
9.5410e+07 45.555 -5.748 40.675 33.326 27.150 33.326
9.5510e+07 45.556 -5.747 40.674 33.325 27.149 33.325
9.5610e+07 45.550 -5.753 40.674 33.324 27.148 33.324
9.5710e+07 45.549 -5.753 40.673 33.324 27.148 33.324
9.5810e+07 45.551 -5.751 40.673 33.323 27.147 33.323
9.5910e+07 45.549 -5.753 40.672 33.323 27.147 33.323
9.6010e+07 45.539 -5.762 40.672 33.322 27.146 33.322
9.6110e+07 45.541 -5.759 40.671 33.321 27.145 33.321
9.6210e+07 45.540 -5.760 40.671 33.321 27.145 33.321
9.6310e+07 45.539 -5.760 40.670 33.320 27.144 33.320
9.6410e+07 45.537 -5.762 40.670 33.320 27.144 33.320
9.6510e+07 45.534 -5.765 40.670 33.319 27.143 33.319
9.6610e+07 45.526 -5.772 40.669 33.318 27.142 33.318
9.6710e+07 45.522 -5.776 40.669 33.318 27.142 33.318
9.6810e+07 45.529 -5.768 40.668 33.317 27.141 33.317
9.6910e+07 45.521 -5.776 40.668 33.318 27.142 33.318
9.7010e+07 45.521 -5.775 40.667 33.317 27.140 33.317
9.7110e+07 45.518 -5.778 40.667 33.316 27.140 33.316
9.7210e+07 45.517 -5.778 40.666 33.315 27.139 33.315
9.7310e+07 45.515 -5.780 40.666 33.315 27.139 33.315
9.7410e+07 45.513 -5.781 40.665 33.314 27.138 33.314
9.7510e+07 45.510 -5.784 40.665 33.314 27.138 33.314
9.7610e+07 45.505 -5.788 40.664 33.314 27.137 33.314
9.7710e+07 45.509 -5.784 40.664 33.312 27.136 33.312
9.7810e+07 45.504 -5.789 40.664 33.312 27.136 33.312
9.7910e+07 45.497 -5.795 40.663 33.312 27.136 33.312
9.8010e+07 45.491 -5.801 40.663 33.310 27.134 33.310
9.8110e+07 45.497 -5.794 40.662 33.311 27.135 33.311
9.8210e+07 45.498 -5.793 40.662 33.310 27.134 33.310
9.8310e+07 45.490 -5.801 40.661 33.310 27.134 33.310
9.8410e+07 45.489 -5.801 40.661 33.309 27.133 33.309
9.8510e+07 45.485 -5.804 40.660 33.308 27.132 33.308
9.8610e+07 45.488 -5.801 40.660 33.307 27.131 33.307
9.8710e+07 45.476 -5.812 40.660 33.307 27.131 33.307
9.8810e+07 45.472 -5.816 40.659 33.307 27.131 33.307
9.8910e+07 45.477 -5.811 40.659 33.306 27.130 33.306
9.9010e+07 45.473 -5.814 40.658 33.306 27.130 33.306
9.9110e+07 45.475 -5.812 40.658 33.305 27.129 33.305
9.9210e+07 45.468 -5.818 40.657 33.305 27.129 33.305
9.9310e+07 45.469 -5.817 40.657 33.304 27.128 33.304
9.9410e+07 45.470 -5.815 40.656 33.304 27.128 33.304
9.9510e+07 45.463 -5.822 40.656 33.303 27.127 33.303
9.9610e+07 45.459 -5.826 40.656 33.302 27.126 33.302
9.9710e+07 45.450 -5.834 40.655 33.302 27.126 33.302
9.9810e+07 45.460 -5.823 40.655 33.301 27.125 33.301
9.9910e+07 45.457 -5.827 40.654 33.301 27.125 33.301
